0.000	0.770	0.771	0.826	0.848	0.931	0.814	1.044	0.876	0.904	0.953	0.997	1.031	0.960	1.043	0.789	0.930	0.978	0.806	0.894	0.907	0.831	0.834	0.884	0.869	1.031	0.873	0.926	0.899	1.035	0.934	0.988	0.885	0.887	0.988	0.841	0.900	1.024	0.915	0.880	0.925	0.920	0.957	1.073	0.943	1.185	1.323	1.075	1.074	1.096	1.104	1.280	1.095	1.132	1.079	1.027	1.032	1.216	1.213	1.182	1.044	1.016	1.118	0.995	0.832	0.916	0.854	1.018	0.969	0.886	0.784	0.987	0.934	1.081	0.910	0.928	1.066	1.033	1.082	1.082	0.984	1.019	1.130	0.998	1.052	1.113	1.174	1.089	1.044	1.049	1.050	1.144	1.136	1.130	1.125	1.198	1.071	1.148	0.985	0.923	0.985
0.770	0.000	0.640	0.828	0.879	0.987	1.011	0.926	0.946	0.974	1.102	1.023	1.196	1.019	1.152	0.887	1.096	1.157	1.115	1.031	0.983	0.959	1.005	1.017	1.070	1.181	0.991	1.072	1.039	1.176	1.131	1.053	1.020	0.971	1.091	0.974	1.035	1.206	0.985	1.029	0.971	1.038	1.000	1.003	1.032	1.221	1.305	1.138	1.104	1.146	1.199	1.315	1.188	1.205	1.198	1.206	1.067	1.216	1.197	1.182	1.096	1.160	1.195	1.161	0.945	1.064	0.919	1.184	1.116	1.041	0.992	1.174	1.125	1.268	1.172	1.146	1.358	1.245	1.341	1.322	1.287	1.223	1.290	1.174	1.182	1.310	1.359	1.322	1.227	1.293	1.244	1.268	1.330	1.336	1.346	1.400	1.270	1.385	1.268	1.192	1.194
0.771	0.640	0.000	0.730	0.832	0.835	0.849	0.829	0.825	0.864	0.978	0.936	1.098	0.961	1.073	0.811	0.980	1.024	1.069	0.970	0.932	0.857	0.883	0.977	0.937	1.146	0.903	0.991	0.934	1.092	1.045	1.013	0.977	0.993	1.064	0.887	0.992	1.155	0.892	0.915	0.919	0.936	0.892	0.980	0.990	1.135	1.293	1.039	0.965	1.047	1.104	1.209	1.075	1.139	1.088	1.138	1.031	1.150	1.089	1.156	1.097	1.115	1.172	1.078	0.845	1.030	0.870	1.082	0.999	0.983	0.975	1.127	1.081	1.207	1.064	1.040	1.243	1.177	1.311	1.328	1.275	1.100	1.279	1.128	1.250	1.250	1.328	1.269	1.258	1.251	1.256	1.273	1.305	1.318	1.279	1.356	1.234	1.349	1.181	1.179	1.165
0.826	0.828	0.730	0.000	0.616	0.655	0.637	0.811	0.736	0.822	1.003	0.850	1.001	0.898	0.948	0.740	0.927	0.917	1.002	0.919	0.874	0.752	0.833	0.921	0.887	1.110	0.890	0.897	0.962	0.989	0.902	0.939	0.937	1.033	0.949	0.898	0.892	1.089	0.852	0.896	0.893	0.936	0.893	0.992	0.960	1.143	1.274	1.039	1.076	1.130	1.127	1.256	1.130	1.103	1.132	1.105	1.040	1.125	1.091	1.117	1.056	1.028	1.106	0.990	0.861	0.914	0.879	1.007	1.031	0.929	0.956	1.057	1.051	1.122	0.996	1.004	1.204	1.189	1.187	1.201	1.163	1.046	1.188	1.144	1.171	1.172	1.311	1.183	1.165	1.179	1.237	1.141	1.167	1.271	1.252	1.275	1.205	1.257	1.096	1.119	1.151
0.848	0.879	0.832	0.616	0.000	0.674	0.716	0.827	0.720	0.816	0.962	0.817	0.926	0.835	0.880	0.733	0.869	0.847	0.940	0.872	0.925	0.777	0.865	0.897	0.897	1.070	0.907	0.888	0.935	0.860	0.847	0.935	0.862	0.996	0.888	0.835	0.830	1.038	0.839	0.896	0.899	0.945	0.904	0.932	0.951	1.088	1.194	0.979	1.048	1.045	1.087	1.204	1.136	1.035	1.082	1.056	1.015	1.090	1.048	1.101	1.021	1.025	1.074	0.925	0.808	0.834	0.895	0.960	1.009	0.973	0.972	1.035	0.990	1.065	0.953	0.954	1.135	1.136	1.138	1.103	1.070	0.975	1.109	1.030	1.102	1.075	1.203	1.075	1.105	1.073	1.202	1.075	1.086	1.185	1.166	1.194	1.109	1.171	0.980	1.007	1.121
0.931	0.987	0.835	0.655	0.674	0.000	0.737	0.846	0.738	0.805	0.995	0.896	0.928	0.903	0.914	0.837	0.866	0.842	0.988	0.929	0.947	0.780	0.844	0.921	0.911	1.055	0.877	0.883	0.914	0.917	0.906	0.950	0.950	1.138	1.006	0.886	0.883	1.061	0.889	0.937	0.935	0.929	0.949	0.995	0.960	1.123	1.266	1.067	1.090	1.048	1.074	1.156	1.141	1.066	1.056	1.017	1.034	1.053	1.073	1.088	1.020	1.036	1.107	0.914	0.890	0.942	0.977	0.891	0.985	0.989	1.048	1.027	1.020	1.047	0.962	0.915	1.133	1.123	1.142	1.170	1.148	0.960	1.149	1.085	1.159	1.118	1.220	1.160	1.178	1.118	1.252	1.135	1.106	1.247	1.169	1.194	1.151	1.179	1.048	1.147	1.121
0.814	1.011	0.849	0.637	0.716	0.737	0.000	0.876	0.642	0.781	0.900	0.810	0.902	0.884	0.864	0.673	0.824	0.852	0.937	0.887	0.859	0.715	0.745	0.878	0.841	1.082	0.881	0.879	0.874	0.922	0.810	0.916	0.920	0.984	0.885	0.855	0.848	1.014	0.820	0.851	0.884	0.910	0.830	0.967	0.894	1.112	1.254	1.009	1.038	1.085	1.058	1.251	1.062	1.047	1.129	1.033	1.038	1.082	1.077	1.122	0.984	0.963	1.082	0.977	0.816	0.869	0.905	0.934	0.918	0.879	0.917	0.949	0.912	1.049	0.874	0.972	1.048	1.092	1.133	1.110	1.039	0.948	1.096	1.035	1.146	1.087	1.205	1.075	1.066	1.095	1.152	1.124	1.097	1.168	1.166	1.195	1.110	1.171	0.986	1.029	1.089
1.044	0.926	0.829	0.811	0.827	0.846	0.876	0.000	0.803	0.826	1.068	0.851	1.083	1.040	1.092	0.848	1.053	1.053	1.196	1.123	1.080	0.920	1.028	1.067	1.075	1.254	0.970	0.986	1.056	1.122	1.058	1.110	1.059	1.157	1.084	1.026	1.082	1.242	1.039	1.028	0.957	1.066	0.960	0.988	1.043	1.101	1.231	1.024	1.045	1.039	1.104	1.227	1.099	1.040	1.185	1.141	1.101	1.019	0.938	1.130	1.074	1.142	1.131	1.059	0.895	1.033	0.938	1.164	1.110	1.078	1.112	1.141	1.128	1.217	1.082	1.092	1.330	1.216	1.297	1.324	1.261	1.037	1.205	1.136	1.238	1.262	1.335	1.249	1.256	1.290	1.313	1.192	1.187	1.319	1.339	1.394	1.239	1.346	1.211	1.235	1.235
0.876	0.946	0.825	0.736	0.720	0.738	0.642	0.803	0.000	0.610	0.745	0.647	0.779	0.786	0.772	0.564	0.698	0.751	0.891	0.790	0.775	0.684	0.687	0.759	0.696	0.924	0.754	0.700	0.696	0.777	0.780	0.776	0.729	0.920	0.874	0.766	0.812	0.972	0.712	0.804	0.734	0.823	0.771	0.807	0.786	0.856	0.999	0.806	0.852	0.813	0.854	1.016	0.871	0.797	0.940	0.861	0.805	0.880	0.826	0.894	0.785	0.820	0.899	0.767	0.744	0.815	0.844	0.807	0.831	0.840	0.871	0.890	0.907	0.971	0.844	0.862	1.017	0.963	1.035	1.028	0.953	0.815	0.911	0.851	0.938	0.937	1.057	0.964	0.927	0.952	1.036	0.929	0.969	1.011	0.983	1.047	0.945	1.090	0.923	0.911	0.984
0.904	0.974	0.864	0.822	0.816	0.805	0.781	0.826	0.610	0.000	0.629	0.585	0.702	0.752	0.814	0.674	0.635	0.748	0.825	0.709	0.791	0.629	0.668	0.705	0.766	0.866	0.754	0.657	0.716	0.908	0.812	0.802	0.702	0.895	0.832	0.846	0.829	0.884	0.743	0.784	0.641	0.802	0.765	0.760	0.799	0.782	0.871	0.725	0.876	0.740	0.765	0.847	0.794	0.758	0.826	0.708	0.727	0.799	0.807	0.800	0.742	0.797	0.755	0.761	0.804	0.889	0.801	0.874	0.784	0.809	0.888	0.853	0.795	0.837	0.831	0.745	0.924	0.886	0.910	0.912	0.918	0.736	0.880	0.763	0.882	0.909	0.909	0.909	0.881	0.873	0.930	0.864	0.870	0.938	0.951	0.921	0.815	0.990	0.951	0.925	0.870
0.953	1.102	0.978	1.003	0.962	0.995	0.900	1.068	0.745	0.629	0.000	0.731	0.758	0.898	0.855	0.777	0.743	0.761	0.840	0.803	0.791	0.747	0.692	0.760	0.793	0.796	0.802	0.797	0.685	0.948	0.890	0.829	0.764	0.938	0.958	0.906	0.931	0.922	0.867	0.896	0.727	0.914	0.851	0.898	0.825	0.791	0.905	0.779	0.881	0.833	0.809	0.907	0.720	0.880	0.907	0.768	0.732	0.905	0.962	0.837	0.783	0.847	0.843	0.875	0.917	1.056	0.950	0.855	0.738	0.839	0.901	0.872	0.820	0.844	0.856	0.799	0.856	0.787	0.870	0.908	0.868	0.786	0.857	0.701	0.823	0.795	0.802	0.819	0.796	0.884	0.794	0.876	0.952	0.826	0.837	0.844	0.768	1.003	0.896	0.887	0.798
0.997	1.023	0.936	0.850	0.817	0.896	0.810	0.851	0.647	0.585	0.731	0.000	0.710	0.791	0.808	0.680	0.708	0.826	0.944	0.765	0.854	0.710	0.681	0.778	0.788	0.910	0.794	0.738	0.787	0.921	0.828	0.819	0.795	0.941	0.827	0.846	0.857	0.893	0.730	0.800	0.590	0.841	0.699	0.699	0.759	0.762	0.845	0.724	0.851	0.794	0.843	0.900	0.799	0.742	0.914	0.826	0.759	0.761	0.756	0.757	0.771	0.839	0.752	0.833	0.802	0.900	0.853	0.917	0.847	0.858	0.912	0.903	0.858	0.942	0.914	0.877	1.045	0.962	0.998	1.025	1.006	0.839	0.877	0.847	0.934	0.948	0.996	0.911	0.936	0.988	1.026	0.901	0.923	0.977	1.053	1.034	0.940	1.101	0.998	0.969	0.985
1.031	1.196	1.098	1.001	0.926	0.928	0.902	1.083	0.779	0.702	0.758	0.710	0.000	0.733	0.648	0.861	0.634	0.663	0.763	0.700	0.807	0.747	0.686	0.760	0.714	0.766	0.768	0.723	0.691	0.860	0.808	0.743	0.772	1.040	0.830	0.877	0.852	0.769	0.806	0.816	0.779	0.891	0.820	0.872	0.797	0.913	0.976	0.883	1.045	0.876	0.863	0.888	0.918	0.857	0.879	0.749	0.807	0.898	1.019	0.884	0.877	0.873	0.820	0.770	0.888	0.890	0.904	0.780	0.737	0.805	0.898	0.765	0.737	0.717	0.781	0.729	0.872	0.863	0.788	0.769	0.845	0.719	0.810	0.787	0.902	0.852	0.892	0.850	0.856	0.796	0.918	0.814	0.832	0.881	0.878	0.774	0.807	0.826	0.821	0.898	0.906
0.960	1.019	0.961	0.898	0.835	0.903	0.884	1.040	0.786	0.752	0.898	0.791	0.733	0.000	0.650	0.773	0.691	0.843	0.778	0.678	0.746	0.735	0.702	0.700	0.728	0.881	0.779	0.733	0.746	0.801	0.790	0.701	0.733	0.909	0.775	0.879	0.770	0.771	0.688	0.755	0.818	0.862	0.806	0.784	0.746	0.938	0.962	0.892	1.019	0.888	0.891	0.935	0.975	0.904	0.869	0.870	0.856	0.925	1.012	0.982	0.945	0.944	0.866	0.836	0.887	0.850	0.867	0.942	0.870	0.796	0.967	0.909	0.834	0.878	0.822	0.802	1.024	1.003	0.947	0.903	0.954	0.864	0.965	0.912	1.034	0.964	1.051	1.048	0.952	0.902	1.034	0.942	0.996	1.015	1.079	0.999	0.997	0.924	0.962	0.982	1.056
1.043	1.152	1.073	0.948	0.880	0.914	0.864	1.092	0.772	0.814	0.855	0.808	0.648	0.650	0.000	0.764	0.661	0.701	0.765	0.644	0.720	0.742	0.673	0.638	0.712	0.715	0.716	0.712	0.651	0.750	0.728	0.682	0.779	1.026	0.835	0.889	0.826	0.786	0.789	0.851	0.841	0.906	0.860	0.856	0.783	0.967	1.046	0.927	1.072	0.912	0.895	1.028	0.992	0.910	0.921	0.906	0.840	0.995	1.077	0.953	0.910	0.898	0.888	0.838	0.898	0.896	0.946	0.869	0.852	0.806	0.920	0.845	0.797	0.808	0.765	0.800	0.901	0.898	0.812	0.798	0.888	0.800	0.879	0.880	0.975	0.894	0.992	0.909	0.902	0.882	0.973	0.917	0.956	0.986	1.006	0.878	0.938	0.889	0.860	0.957	0.984
0.789	0.887	0.811	0.740	0.733	0.837	0.673	0.848	0.564	0.674	0.777	0.680	0.861	0.773	0.764	0.000	0.733	0.799	0.856	0.756	0.746	0.660	0.686	0.715	0.760	0.950	0.770	0.797	0.742	0.850	0.768	0.829	0.754	0.897	0.855	0.816	0.791	0.959	0.736	0.792	0.718	0.836	0.807	0.830	0.841	0.957	1.092	0.891	0.940	0.932	0.959	1.130	0.948	0.880	0.997	0.936	0.870	0.974	0.915	0.950	0.839	0.853	0.931	0.868	0.738	0.840	0.813	0.923	0.915	0.803	0.837	0.930	0.882	1.007	0.829	0.904	1.028	1.034	1.032	1.045	0.963	0.918	0.986	0.883	0.977	1.017	1.075	0.968	0.958	0.968	1.021	0.979	0.981	1.044	1.084	1.098	0.980	1.113	0.969	0.954	0.980
0.930	1.096	0.980	0.927	0.869	0.866	0.824	1.053	0.698	0.635	0.743	0.708	0.634	0.691	0.661	0.733	0.000	0.656	0.697	0.497	0.721	0.678	0.614	0.677	0.674	0.747	0.717	0.687	0.670	0.785	0.671	0.716	0.640	0.885	0.759	0.775	0.731	0.700	0.718	0.734	0.654	0.729	0.697	0.774	0.728	0.767	0.900	0.802	0.944	0.765	0.737	0.852	0.815	0.758	0.748	0.721	0.725	0.874	0.926	0.856	0.712	0.772	0.770	0.727	0.832	0.889	0.871	0.811	0.782	0.738	0.869	0.793	0.742	0.758	0.763	0.694	0.810	0.821	0.753	0.822	0.813	0.704	0.862	0.753	0.894	0.821	0.848	0.819	0.863	0.768	0.909	0.784	0.847	0.842	0.838	0.798	0.771	0.840	0.816	0.813	0.844
0.978	1.157	1.024	0.917	0.847	0.842	0.852	1.053	0.751	0.748	0.761	0.826	0.663	0.843	0.701	0.799	0.656	0.000	0.763	0.731	0.780	0.757	0.739	0.804	0.745	0.832	0.792	0.787	0.744	0.783	0.734	0.761	0.744	1.051	0.831	0.826	0.745	0.861	0.817	0.771	0.807	0.862	0.838	0.915	0.809	0.901	1.011	0.836	0.932	0.895	0.797	0.940	0.883	0.857	0.875	0.769	0.774	0.952	0.985	0.886	0.820	0.799	0.847	0.721	0.802	0.838	0.894	0.711	0.750	0.739	0.858	0.745	0.795	0.785	0.749	0.709	0.798	0.834	0.833	0.877	0.833	0.663	0.846	0.788	0.891	0.742	0.877	0.759	0.837	0.799	0.891	0.800	0.861	0.847	0.808	0.811	0.850	0.820	0.697	0.881	0.862
0.806	1.115	1.069	1.002	0.940	0.988	0.937	1.196	0.891	0.825	0.840	0.944	0.763	0.778	0.765	0.856	0.697	0.763	0.000	0.666	0.770	0.749	0.734	0.682	0.682	0.746	0.757	0.749	0.709	0.848	0.741	0.765	0.725	0.901	0.823	0.875	0.746	0.768	0.841	0.832	0.831	0.858	0.886	0.968	0.783	0.978	1.078	0.907	1.043	0.930	0.857	1.024	0.943	0.921	0.888	0.771	0.813	1.093	1.117	0.969	0.830	0.814	0.841	0.766	0.851	0.854	0.853	0.830	0.771	0.694	0.774	0.776	0.691	0.726	0.732	0.635	0.739	0.777	0.651	0.772	0.654	0.732	0.840	0.738	0.789	0.804	0.833	0.775	0.764	0.666	0.719	0.837	0.866	0.780	0.808	0.796	0.765	0.723	0.721	0.761	0.752
0.894	1.031	0.970	0.919	0.872	0.929	0.887	1.123	0.790	0.709	0.803	0.765	0.700	0.678	0.644	0.756	0.497	0.731	0.666	0.000	0.588	0.668	0.593	0.608	0.655	0.696	0.705	0.678	0.645	0.813	0.693	0.692	0.617	0.829	0.726	0.786	0.764	0.652	0.696	0.689	0.671	0.757	0.710	0.773	0.742	0.856	0.965	0.814	0.993	0.771	0.775	0.883	0.846	0.832	0.682	0.780	0.658	0.909	1.001	0.850	0.773	0.784	0.786	0.783	0.828	0.862	0.842	0.869	0.793	0.752	0.809	0.790	0.751	0.718	0.738	0.713	0.822	0.829	0.784	0.790	0.850	0.780	0.884	0.782	0.874	0.851	0.913	0.853	0.846	0.783	0.885	0.860	0.875	0.875	0.886	0.816	0.817	0.849	0.808	0.833	0.869
0.907	0.983	0.932	0.874	0.925	0.947	0.859	1.080	0.775	0.791	0.791	0.854	0.807	0.746	0.720	0.746	0.721	0.780	0.770	0.588	0.000	0.632	0.601	0.664	0.722	0.722	0.698	0.772	0.675	0.906	0.765	0.717	0.711	0.856	0.796	0.866	0.810	0.749	0.712	0.693	0.712	0.806	0.717	0.808	0.719	0.894	1.027	0.876	0.982	0.865	0.840	0.978	0.820	0.955	0.843	0.865	0.701	0.906	1.041	0.854	0.858	0.760	0.880	0.872	0.826	0.970	0.878	0.896	0.847	0.774	0.808	0.812	0.842	0.788	0.756	0.838	0.916	0.863	0.886	0.884	0.892	0.856	0.918	0.844	0.921	0.903	1.019	0.908	0.816	0.888	0.893	0.926	0.935	0.948	0.934	0.911	0.904	0.928	0.880	0.958	0.936
0.831	0.959	0.857	0.752	0.777	0.780	0.715	0.920	0.684	0.629	0.747	0.710	0.747	0.735	0.742	0.660	0.678	0.757	0.749	0.668	0.632	0.000	0.614	0.667	0.787	0.791	0.701	0.754	0.685	0.885	0.762	0.766	0.717	0.886	0.788	0.821	0.742	0.838	0.667	0.701	0.724	0.775	0.777	0.802	0.755	0.898	1.054	0.851	0.940	0.852	0.895	0.996	0.884	0.931	0.872	0.831	0.777	0.910	0.945	0.866	0.860	0.782	0.896	0.788	0.731	0.867	0.790	0.874	0.847	0.770	0.840	0.855	0.851	0.847	0.790	0.822	0.968	0.938	0.932	0.901	0.904	0.822	0.959	0.895	0.962	0.956	1.038	0.961	0.947	0.930	0.987	0.976	0.937	1.034	1.009	0.981	0.934	0.989	0.921	0.973	0.942
0.834	1.005	0.883	0.833	0.865	0.844	0.745	1.028	0.687	0.668	0.692	0.681	0.686	0.702	0.673	0.686	0.614	0.739	0.734	0.593	0.601	0.614	0.000	0.622	0.583	0.684	0.632	0.679	0.589	0.774	0.695	0.634	0.689	0.858	0.746	0.753	0.728	0.723	0.606	0.694	0.626	0.685	0.627	0.727	0.636	0.798	0.952	0.752	0.838	0.770	0.753	0.877	0.754	0.834	0.793	0.740	0.699	0.827	0.917	0.797	0.761	0.748	0.779	0.802	0.731	0.851	0.810	0.798	0.704	0.693	0.775	0.754	0.727	0.730	0.719	0.709	0.840	0.831	0.834	0.855	0.853	0.763	0.810	0.751	0.878	0.868	0.932	0.863	0.826	0.849	0.856	0.891	0.891	0.911	0.911	0.881	0.870	0.928	0.843	0.860	0.843
0.884	1.017	0.977	0.921	0.897	0.921	0.878	1.067	0.759	0.705	0.760	0.778	0.760	0.700	0.638	0.715	0.677	0.804	0.682	0.608	0.664	0.667	0.622	0.000	0.622	0.647	0.644	0.605	0.634	0.776	0.678	0.692	0.695	0.890	0.873	0.873	0.819	0.781	0.785	0.830	0.689	0.853	0.795	0.799	0.688	0.800	0.901	0.804	0.953	0.808	0.827	0.961	0.849	0.843	0.828	0.822	0.736	0.950	0.972	0.870	0.804	0.831	0.787	0.839	0.830	0.932	0.887	0.915	0.821	0.726	0.811	0.881	0.753	0.755	0.750	0.735	0.824	0.820	0.754	0.844	0.854	0.784	0.906	0.770	0.915	0.849	0.904	0.886	0.791	0.815	0.848	0.916	0.905	0.927	0.963	0.897	0.876	0.939	0.888	0.924	0.847
0.869	1.070	0.937	0.887	0.897	0.911	0.841	1.075	0.696	0.766	0.793	0.788	0.714	0.728	0.712	0.760	0.674	0.745	0.682	0.655	0.722	0.787	0.583	0.622	0.000	0.735	0.688	0.626	0.679	0.722	0.723	0.662	0.706	0.947	0.885	0.757	0.811	0.793	0.739	0.793	0.706	0.827	0.719	0.814	0.691	0.844	0.966	0.782	0.823	0.820	0.793	0.908	0.812	0.791	0.831	0.798	0.751	0.910	0.933	0.893	0.831	0.833	0.769	0.762	0.785	0.817	0.843	0.773	0.718	0.713	0.798	0.848	0.756	0.822	0.754	0.732	0.852	0.863	0.808	0.920	0.843	0.753	0.826	0.794	0.944	0.867	0.938	0.867	0.831	0.805	0.844	0.851	0.890	0.852	0.873	0.896	0.879	0.935	0.815	0.847	0.910
1.031	1.181	1.146	1.110	1.070	1.055	1.082	1.254	0.924	0.866	0.796	0.910	0.766	0.881	0.715	0.950	0.747	0.832	0.746	0.696	0.722	0.791	0.684	0.647	0.735	0.000	0.634	0.660	0.620	0.848	0.773	0.720	0.780	0.999	0.910	0.943	0.901	0.806	0.856	0.848	0.788	0.881	0.905	0.928	0.736	0.863	0.953	0.894	1.033	0.845	0.830	0.909	0.854	0.947	0.857	0.867	0.734	0.975	1.096	0.851	0.858	0.802	0.844	0.861	0.957	1.056	1.006	0.883	0.846	0.824	0.846	0.845	0.834	0.710	0.876	0.781	0.837	0.719	0.711	0.724	0.874	0.810	0.829	0.799	0.889	0.845	0.902	0.885	0.813	0.856	0.851	0.875	0.971	0.894	0.881	0.805	0.886	0.912	0.893	0.921	0.856
0.873	0.991	0.903	0.890	0.907	0.877	0.881	0.970	0.754	0.754	0.802	0.794	0.768	0.779	0.716	0.770	0.717	0.792	0.757	0.705	0.698	0.701	0.632	0.644	0.688	0.634	0.000	0.574	0.552	0.772	0.733	0.679	0.703	0.866	0.860	0.774	0.796	0.853	0.764	0.737	0.701	0.750	0.831	0.879	0.671	0.868	0.974	0.838	0.929	0.804	0.814	0.882	0.778	0.879	0.847	0.776	0.723	0.924	0.978	0.846	0.774	0.774	0.841	0.739	0.739	0.881	0.787	0.766	0.751	0.669	0.717	0.769	0.765	0.753	0.750	0.706	0.821	0.729	0.798	0.814	0.846	0.677	0.861	0.781	0.872	0.817	0.970	0.891	0.833	0.862	0.874	0.868	0.950	0.929	0.913	0.899	0.871	0.927	0.833	0.876	0.815
0.926	1.072	0.991	0.897	0.888	0.883	0.879	0.986	0.700	0.657	0.797	0.738	0.723	0.733	0.712	0.797	0.687	0.787	0.749	0.678	0.772	0.754	0.679	0.605	0.626	0.660	0.574	0.000	0.622	0.715	0.650	0.676	0.672	0.912	0.823	0.764	0.808	0.848	0.744	0.748	0.650	0.780	0.791	0.814	0.676	0.783	0.857	0.752	0.926	0.741	0.706	0.828	0.790	0.728	0.748	0.747	0.723	0.853	0.872	0.803	0.731	0.767	0.726	0.718	0.824	0.866	0.846	0.804	0.766	0.764	0.806	0.822	0.797	0.764	0.800	0.693	0.836	0.763	0.787	0.812	0.856	0.679	0.825	0.769	0.845	0.800	0.912	0.871	0.795	0.832	0.864	0.820	0.880	0.894	0.914	0.875	0.841	0.928	0.846	0.869	0.858
0.899	1.039	0.934	0.962	0.935	0.914	0.874	1.056	0.696	0.716	0.685	0.787	0.691	0.746	0.651	0.742	0.670	0.744	0.709	0.645	0.675	0.685	0.589	0.634	0.679	0.620	0.552	0.622	0.000	0.730	0.688	0.583	0.641	0.859	0.793	0.773	0.804	0.817	0.715	0.722	0.700	0.777	0.794	0.838	0.692	0.831	0.952	0.767	0.875	0.738	0.769	0.849	0.754	0.851	0.783	0.740	0.681	0.906	0.972	0.832	0.784	0.788	0.817	0.751	0.774	0.865	0.818	0.777	0.681	0.730	0.764	0.745	0.766	0.728	0.714	0.685	0.818	0.705	0.793	0.778	0.808	0.727	0.825	0.707	0.826	0.819	0.908	0.881	0.809	0.814	0.815	0.854	0.945	0.863	0.890	0.859	0.825	0.887	0.813	0.817	0.813
1.035	1.176	1.092	0.989	0.860	0.917	0.922	1.122	0.777	0.908	0.948	0.921	0.860	0.801	0.750	0.850	0.785	0.783	0.848	0.813	0.906	0.885	0.774	0.776	0.722	0.848	0.772	0.715	0.730	0.000	0.575	0.685	0.736	1.029	0.799	0.728	0.730	0.838	0.776	0.805	0.849	0.805	0.856	0.894	0.735	0.888	0.978	0.843	0.928	0.836	0.843	0.972	0.941	0.850	0.896	0.895	0.896	0.930	0.926	0.926	0.859	0.840	0.832	0.747	0.814	0.748	0.958	0.825	0.886	0.854	0.944	0.897	0.909	0.887	0.796	0.796	0.955	0.926	0.877	0.870	0.848	0.762	0.871	0.887	0.976	0.841	0.946	0.896	0.861	0.796	1.027	0.868	0.876	0.945	0.959	0.946	0.949	0.921	0.800	0.883	1.004
0.934	1.131	1.045	0.902	0.847	0.906	0.810	1.058	0.780	0.812	0.890	0.828	0.808	0.790	0.728	0.768	0.671	0.734	0.741	0.693	0.765	0.762	0.695	0.678	0.723	0.773	0.733	0.650	0.688	0.575	0.000	0.679	0.696	0.918	0.671	0.749	0.713	0.771	0.753	0.708	0.694	0.747	0.766	0.860	0.662	0.803	0.948	0.812	0.946	0.852	0.818	0.978	0.843	0.833	0.851	0.823	0.830	0.932	0.934	0.864	0.775	0.726	0.790	0.793	0.781	0.787	0.889	0.840	0.888	0.767	0.817	0.805	0.836	0.796	0.753	0.786	0.854	0.806	0.808	0.813	0.780	0.738	0.851	0.832	0.904	0.805	0.951	0.815	0.810	0.823	0.976	0.843	0.843	0.903	0.967	0.960	0.901	0.885	0.731	0.819	0.894
0.988	1.053	1.013	0.939	0.935	0.950	0.916	1.110	0.776	0.802	0.829	0.819	0.743	0.701	0.682	0.829	0.716	0.761	0.765	0.692	0.717	0.766	0.634	0.692	0.662	0.720	0.679	0.676	0.583	0.685	0.679	0.000	0.633	0.824	0.690	0.729	0.696	0.725	0.674	0.699	0.730	0.752	0.775	0.822	0.620	0.858	0.893	0.774	0.920	0.775	0.803	0.886	0.847	0.857	0.840	0.826	0.692	0.882	0.978	0.840	0.782	0.737	0.728	0.760	0.811	0.787	0.863	0.788	0.790	0.727	0.801	0.753	0.813	0.767	0.826	0.763	0.931	0.894	0.842	0.810	0.866	0.804	0.825	0.815	0.840	0.829	0.991	0.904	0.825	0.851	0.892	0.828	0.956	0.883	0.919	0.904	0.905	0.864	0.862	0.877	0.896
0.885	1.020	0.977	0.937	0.862	0.950	0.920	1.059	0.729	0.702	0.764	0.795	0.772	0.733	0.779	0.754	0.640	0.744	0.725	0.617	0.711	0.717	0.689	0.695	0.706	0.780	0.703	0.672	0.641	0.736	0.696	0.633	0.000	0.704	0.687	0.658	0.641	0.733	0.637	0.681	0.659	0.676	0.744	0.788	0.685	0.758	0.884	0.688	0.875	0.685	0.719	0.850	0.751	0.795	0.739	0.714	0.674	0.867	0.912	0.841	0.695	0.706	0.715	0.642	0.782	0.801	0.797	0.772	0.790	0.727	0.808	0.795	0.809	0.785	0.742	0.718	0.845	0.842	0.786	0.790	0.727	0.712	0.795	0.667	0.769	0.739	0.839	0.770	0.739	0.725	0.801	0.746	0.811	0.784	0.770	0.807	0.738	0.778	0.784	0.744	0.807
0.887	0.971	0.993	1.033	0.996	1.138	0.984	1.157	0.920	0.895	0.938	0.941	1.040	0.909	1.026	0.897	0.885	1.051	0.901	0.829	0.856	0.886	0.858	0.890	0.947	0.999	0.866	0.912	0.859	1.029	0.918	0.824	0.704	0.000	0.774	0.835	0.776	0.883	0.788	0.785	0.791	0.745	0.853	0.931	0.828	1.009	1.063	0.910	1.061	0.893	0.959	1.132	0.917	1.032	0.974	0.938	0.836	1.100	1.096	1.046	0.851	0.853	0.935	0.923	0.840	0.918	0.822	0.998	0.932	0.839	0.792	0.921	0.900	1.021	0.937	0.971	1.020	0.975	1.037	0.987	0.955	1.016	1.047	0.912	0.943	1.012	1.098	1.021	0.962	1.015	0.974	1.036	1.135	0.970	0.987	1.092	0.950	1.015	0.993	0.861	0.952
0.988	1.091	1.064	0.949	0.888	1.006	0.885	1.084	0.874	0.832	0.958	0.827	0.830	0.775	0.835	0.855	0.759	0.831	0.823	0.726	0.796	0.788	0.746	0.873	0.885	0.910	0.860	0.823	0.793	0.799	0.671	0.690	0.687	0.774	0.000	0.738	0.647	0.710	0.644	0.593	0.746	0.709	0.720	0.806	0.752	0.920	0.989	0.825	1.017	0.878	0.838	0.981	0.914	0.930	0.884	0.861	0.806	0.919	0.987	0.896	0.853	0.771	0.798	0.797	0.746	0.759	0.773	0.897	0.883	0.799	0.816	0.757	0.832	0.823	0.811	0.861	0.999	0.961	0.925	0.841	0.893	0.837	0.906	0.890	0.940	0.940	1.061	0.902	0.903	0.913	0.999	0.848	0.927	0.965	1.005	0.980	0.906	0.846	0.835	0.884	0.996
0.841	0.974	0.887	0.898	0.835	0.886	0.855	1.026	0.766	0.846	0.906	0.846	0.877	0.879	0.889	0.816	0.775	0.826	0.875	0.786	0.866	0.821	0.753	0.873	0.757	0.943	0.774	0.764	0.773	0.728	0.749	0.729	0.658	0.835	0.738	0.000	0.624	0.807	0.619	0.698	0.719	0.625	0.743	0.813	0.699	0.922	1.026	0.831	0.852	0.836	0.808	0.974	0.912	0.853	0.841	0.854	0.812	0.934	0.944	0.912	0.783	0.819	0.847	0.683	0.679	0.666	0.770	0.751	0.817	0.773	0.744	0.810	0.831	0.928	0.781	0.803	0.960	0.963	0.983	0.978	0.896	0.770	0.923	0.857	0.915	0.888	0.992	0.904	0.921	0.901	1.018	0.873	0.929	0.943	0.888	0.990	0.863	0.949	0.818	0.792	0.926
0.900	1.035	0.992	0.892	0.830	0.883	0.848	1.082	0.812	0.829	0.931	0.857	0.852	0.770	0.826	0.791	0.731	0.745	0.746	0.764	0.810	0.742	0.728	0.819	0.811	0.901	0.796	0.808	0.804	0.730	0.713	0.696	0.641	0.776	0.647	0.624	0.000	0.676	0.555	0.641	0.754	0.600	0.750	0.797	0.666	0.912	0.991	0.825	0.923	0.863	0.801	0.993	0.924	0.874	0.848	0.830	0.810	0.940	0.960	0.888	0.761	0.726	0.800	0.646	0.690	0.697	0.773	0.781	0.841	0.665	0.811	0.784	0.774	0.868	0.790	0.761	0.887	0.952	0.886	0.894	0.826	0.795	0.862	0.820	0.866	0.835	0.945	0.847	0.850	0.808	0.955	0.881	0.906	0.912	0.878	0.920	0.882	0.800	0.802	0.861	0.902
1.024	1.206	1.155	1.089	1.038	1.061	1.014	1.242	0.972	0.884	0.922	0.893	0.769	0.771	0.786	0.959	0.700	0.861	0.768	0.652	0.749	0.838	0.723	0.781	0.793	0.806	0.853	0.848	0.817	0.838	0.771	0.725	0.733	0.883	0.710	0.807	0.676	0.000	0.708	0.687	0.785	0.772	0.737	0.811	0.687	0.882	0.936	0.871	1.025	0.808	0.815	0.875	0.864	0.883	0.772	0.769	0.765	0.852	1.042	0.862	0.853	0.785	0.746	0.781	0.860	0.886	0.903	0.909	0.865	0.780	0.922	0.806	0.748	0.724	0.765	0.778	0.877	0.884	0.757	0.781	0.832	0.813	0.836	0.810	0.925	0.836	0.879	0.839	0.809	0.727	0.934	0.854	0.804	0.862	0.872	0.840	0.830	0.734	0.848	0.910	0.953
0.915	0.985	0.892	0.852	0.839	0.889	0.820	1.039	0.712	0.743	0.867	0.730	0.806	0.688	0.789	0.736	0.718	0.817	0.841	0.696	0.712	0.667	0.606	0.785	0.739	0.856	0.764	0.744	0.715	0.776	0.753	0.674	0.637	0.788	0.644	0.619	0.555	0.708	0.000	0.556	0.612	0.575	0.635	0.600	0.596	0.815	0.930	0.686	0.835	0.760	0.763	0.893	0.821	0.824	0.803	0.800	0.734	0.783	0.841	0.786	0.775	0.729	0.765	0.676	0.664	0.742	0.714	0.796	0.799	0.772	0.832	0.822	0.850	0.884	0.802	0.810	0.991	0.976	0.979	0.936	0.941	0.824	0.889	0.854	0.947	0.924	1.016	0.934	0.890	0.906	0.994	0.902	0.917	0.971	0.949	0.981	0.923	0.940	0.915	0.927	0.997
0.880	1.029	0.915	0.896	0.896	0.937	0.851	1.028	0.804	0.784	0.896	0.800	0.816	0.755	0.851	0.792	0.734	0.771	0.832	0.689	0.693	0.701	0.694	0.830	0.793	0.848	0.737	0.748	0.722	0.805	0.708	0.699	0.681	0.785	0.593	0.698	0.641	0.687	0.556	0.000	0.661	0.598	0.652	0.722	0.641	0.877	0.970	0.762	0.913	0.761	0.771	0.884	0.780	0.868	0.764	0.798	0.703	0.822	0.892	0.826	0.796	0.695	0.782	0.710	0.631	0.741	0.675	0.787	0.780	0.727	0.757	0.742	0.817	0.819	0.720	0.801	0.912	0.878	0.927	0.874	0.878	0.795	0.908	0.829	0.968	0.878	0.997	0.888	0.864	0.868	0.950	0.864	0.905	0.903	0.924	0.939	0.897	0.848	0.801	0.887	0.959
0.925	0.971	0.919	0.893	0.899	0.935	0.884	0.957	0.734	0.641	0.727	0.590	0.779	0.818	0.841	0.718	0.654	0.807	0.831	0.671	0.712	0.724	0.626	0.689	0.706	0.788	0.701	0.650	0.700	0.849	0.694	0.730	0.659	0.791	0.746	0.719	0.754	0.785	0.612	0.661	0.000	0.650	0.566	0.582	0.571	0.619	0.758	0.611	0.780	0.696	0.683	0.823	0.630	0.703	0.771	0.732	0.608	0.736	0.728	0.655	0.632	0.697	0.630	0.721	0.693	0.854	0.746	0.824	0.776	0.761	0.760	0.815	0.817	0.838	0.809	0.771	0.878	0.807	0.835	0.911	0.880	0.752	0.831	0.726	0.846	0.848	0.893	0.787	0.789	0.890	0.862	0.817	0.855	0.824	0.872	0.922	0.817	0.964	0.887	0.858	0.868
0.920	1.038	0.936	0.936	0.945	0.929	0.910	1.066	0.823	0.802	0.914	0.841	0.891	0.862	0.906	0.836	0.729	0.862	0.858	0.757	0.806	0.775	0.685	0.853	0.827	0.881	0.750	0.780	0.777	0.805	0.747	0.752	0.676	0.745	0.709	0.625	0.600	0.772	0.575	0.598	0.650	0.000	0.685	0.743	0.634	0.850	0.967	0.794	0.907	0.759	0.773	0.916	0.807	0.841	0.795	0.798	0.735	0.872	0.875	0.834	0.706	0.679	0.790	0.667	0.634	0.771	0.706	0.818	0.787	0.720	0.758	0.742	0.835	0.855	0.771	0.770	0.897	0.934	0.918	0.929	0.904	0.829	0.935	0.845	0.958	0.908	0.976	0.925	0.933	0.913	0.971	0.903	0.971	0.929	0.889	0.970	0.891	0.915	0.870	0.847	0.895
0.957	1.000	0.892	0.893	0.904	0.949	0.830	0.960	0.771	0.765	0.851	0.699	0.820	0.806	0.860	0.807	0.697	0.838	0.886	0.710	0.717	0.777	0.627	0.795	0.719	0.905	0.831	0.791	0.794	0.856	0.766	0.775	0.744	0.853	0.720	0.743	0.750	0.737	0.635	0.652	0.566	0.685	0.000	0.556	0.602	0.750	0.887	0.701	0.787	0.763	0.728	0.891	0.718	0.764	0.810	0.831	0.693	0.755	0.769	0.738	0.738	0.776	0.705	0.828	0.674	0.829	0.741	0.875	0.752	0.755	0.804	0.811	0.806	0.867	0.800	0.816	0.957	0.922	0.940	1.024	0.957	0.827	0.847	0.834	1.005	0.912	0.973	0.871	0.881	0.943	0.952	0.867	0.880	0.895	0.960	1.003	0.890	0.987	0.915	0.918	0.980
1.073	1.003	0.980	0.992	0.932	0.995	0.967	0.988	0.807	0.760	0.898	0.699	0.872	0.784	0.856	0.830	0.774	0.915	0.968	0.773	0.808	0.802	0.727	0.799	0.814	0.928	0.879	0.814	0.838	0.894	0.860	0.822	0.788	0.931	0.806	0.813	0.797	0.811	0.600	0.722	0.582	0.743	0.556	0.000	0.627	0.717	0.788	0.655	0.840	0.735	0.753	0.852	0.793	0.758	0.848	0.849	0.716	0.702	0.733	0.696	0.773	0.861	0.732	0.821	0.720	0.867	0.779	0.937	0.834	0.854	0.947	0.933	0.893	0.955	0.892	0.903	1.072	0.993	1.012	1.038	1.030	0.896	0.889	0.887	1.032	0.974	1.004	0.969	0.909	0.984	1.014	0.919	0.936	0.962	1.024	1.033	0.950	1.042	1.022	1.043	1.087
0.943	1.032	0.990	0.960	0.951	0.960	0.894	1.043	0.786	0.799	0.825	0.759	0.797	0.746	0.783	0.841	0.728	0.809	0.783	0.742	0.719	0.755	0.636	0.688	0.691	0.736	0.671	0.676	0.692	0.735	0.662	0.620	0.685	0.828	0.752	0.699	0.666	0.687	0.596	0.641	0.571	0.634	0.602	0.627	0.000	0.674	0.746	0.622	0.769	0.735	0.684	0.842	0.674	0.747	0.829	0.741	0.626	0.760	0.815	0.687	0.657	0.690	0.660	0.714	0.683	0.793	0.761	0.763	0.720	0.673	0.750	0.748	0.760	0.761	0.754	0.718	0.862	0.773	0.795	0.839	0.815	0.694	0.717	0.741	0.873	0.738	0.863	0.800	0.735	0.837	0.846	0.784	0.851	0.776	0.837	0.899	0.842	0.883	0.830	0.843	0.874
1.185	1.221	1.135	1.143	1.088	1.123	1.112	1.101	0.856	0.782	0.791	0.762	0.913	0.938	0.967	0.957	0.767	0.901	0.978	0.856	0.894	0.898	0.798	0.800	0.844	0.863	0.868	0.783	0.831	0.888	0.803	0.858	0.758	1.009	0.920	0.922	0.912	0.882	0.815	0.877	0.619	0.850	0.750	0.717	0.674	0.000	0.547	0.553	0.705	0.638	0.649	0.676	0.574	0.675	0.767	0.736	0.669	0.673	0.675	0.625	0.703	0.808	0.672	0.851	0.930	1.062	1.004	0.991	0.899	0.928	1.034	0.996	0.984	0.913	0.991	0.870	1.011	0.869	0.912	1.026	0.947	0.772	0.835	0.758	0.911	0.811	0.857	0.849	0.838	0.929	0.958	0.819	0.881	0.870	0.904	0.981	0.890	1.020	0.979	0.949	0.967
1.323	1.305	1.293	1.274	1.194	1.266	1.254	1.231	0.999	0.871	0.905	0.845	0.976	0.962	1.046	1.092	0.900	1.011	1.078	0.965	1.027	1.054	0.952	0.901	0.966	0.953	0.974	0.857	0.952	0.978	0.948	0.893	0.884	1.063	0.989	1.026	0.991	0.936	0.930	0.970	0.758	0.967	0.887	0.788	0.746	0.547	0.000	0.666	0.861	0.715	0.722	0.715	0.722	0.746	0.912	0.818	0.755	0.730	0.804	0.724	0.799	0.914	0.659	0.931	1.069	1.124	1.070	1.089	0.994	1.004	1.126	1.063	1.050	0.990	1.108	0.956	1.072	0.966	0.960	1.046	1.018	0.893	0.881	0.840	0.945	0.837	0.885	0.918	0.849	0.983	0.991	0.829	0.980	0.891	0.991	1.005	0.957	1.047	1.078	1.046	1.036
1.075	1.138	1.039	1.039	0.979	1.067	1.009	1.024	0.806	0.725	0.779	0.724	0.883	0.892	0.927	0.891	0.802	0.836	0.907	0.814	0.876	0.851	0.752	0.804	0.782	0.894	0.838	0.752	0.767	0.843	0.812	0.774	0.688	0.910	0.825	0.831	0.825	0.871	0.686	0.762	0.611	0.794	0.701	0.655	0.622	0.553	0.666	0.000	0.663	0.606	0.623	0.753	0.593	0.707	0.825	0.721	0.628	0.722	0.711	0.672	0.731	0.800	0.671	0.765	0.794	0.901	0.839	0.905	0.781	0.839	0.937	0.919	0.897	0.873	0.877	0.792	0.954	0.842	0.912	0.970	0.920	0.736	0.794	0.720	0.887	0.804	0.862	0.827	0.797	0.896	0.855	0.827	0.903	0.833	0.874	0.943	0.866	0.963	0.906	0.904	0.950
1.074	1.104	0.965	1.076	1.048	1.090	1.038	1.045	0.852	0.876	0.881	0.851	1.045	1.019	1.072	0.940	0.944	0.932	1.043	0.993	0.982	0.940	0.838	0.953	0.823	1.033	0.929	0.926	0.875	0.928	0.946	0.920	0.875	1.061	1.017	0.852	0.923	1.025	0.835	0.913	0.780	0.907	0.787	0.840	0.769	0.705	0.861	0.663	0.000	0.792	0.793	0.871	0.705	0.799	0.920	0.868	0.794	0.821	0.752	0.798	0.859	0.924	0.856	0.924	0.872	0.989	0.940	1.016	0.888	0.926	1.004	1.014	1.019	1.078	1.014	0.936	1.091	1.017	1.110	1.220	1.050	0.886	0.961	0.882	1.036	0.969	1.006	0.968	0.977	1.074	1.036	1.009	1.063	1.007	1.024	1.169	1.062	1.184	1.029	0.982	1.062
1.096	1.146	1.047	1.130	1.045	1.048	1.085	1.039	0.813	0.740	0.833	0.794	0.876	0.888	0.912	0.932	0.765	0.895	0.930	0.771	0.865	0.852	0.770	0.808	0.820	0.845	0.804	0.741	0.738	0.836	0.852	0.775	0.685	0.893	0.878	0.836	0.863	0.808	0.760	0.761	0.696	0.759	0.763	0.735	0.735	0.638	0.715	0.606	0.792	0.000	0.569	0.662	0.665	0.671	0.633	0.730	0.639	0.638	0.697	0.705	0.722	0.765	0.645	0.762	0.874	0.957	0.946	0.967	0.864	0.912	0.988	0.928	0.942	0.892	0.908	0.778	0.982	0.869	0.926	0.952	0.912	0.783	0.843	0.697	0.882	0.841	0.866	0.871	0.872	0.861	0.937	0.875	0.862	0.917	0.871	0.936	0.840	0.931	0.935	0.920	0.942
1.104	1.199	1.104	1.127	1.087	1.074	1.058	1.104	0.854	0.765	0.809	0.843	0.863	0.891	0.895	0.959	0.737	0.797	0.857	0.775	0.840	0.895	0.753	0.827	0.793	0.830	0.814	0.706	0.769	0.843	0.818	0.803	0.719	0.959	0.838	0.808	0.801	0.815	0.763	0.771	0.683	0.773	0.728	0.753	0.684	0.649	0.722	0.623	0.793	0.569	0.000	0.691	0.669	0.634	0.655	0.680	0.640	0.740	0.759	0.695	0.647	0.725	0.607	0.743	0.873	0.937	0.925	0.867	0.768	0.817	0.934	0.814	0.843	0.823	0.853	0.712	0.847	0.782	0.849	0.920	0.852	0.646	0.762	0.641	0.832	0.738	0.752	0.739	0.782	0.806	0.820	0.789	0.822	0.792	0.773	0.818	0.784	0.851	0.845	0.888	0.866
1.280	1.315	1.209	1.256	1.204	1.156	1.251	1.227	1.016	0.847	0.907	0.900	0.888	0.935	1.028	1.130	0.852	0.940	1.024	0.883	0.978	0.996	0.877	0.961	0.908	0.909	0.882	0.828	0.849	0.972	0.978	0.886	0.850	1.132	0.981	0.974	0.993	0.875	0.893	0.884	0.823	0.916	0.891	0.852	0.842	0.676	0.715	0.753	0.871	0.662	0.691	0.000	0.669	0.736	0.651	0.670	0.703	0.653	0.856	0.735	0.866	0.908	0.702	0.834	1.034	1.072	1.033	0.975	0.836	0.962	1.126	0.949	0.969	0.853	0.990	0.788	1.028	0.893	0.958	0.993	1.001	0.778	0.880	0.823	0.961	0.846	0.880	0.960	0.925	0.876	0.998	0.862	0.915	0.901	0.930	0.886	0.911	0.982	0.992	1.037	1.038
1.095	1.188	1.075	1.130	1.136	1.141	1.062	1.099	0.871	0.794	0.720	0.799	0.918	0.975	0.992	0.948	0.815	0.883	0.943	0.846	0.820	0.884	0.754	0.849	0.812	0.854	0.778	0.790	0.754	0.941	0.843	0.847	0.751	0.917	0.914	0.912	0.924	0.864	0.821	0.780	0.630	0.807	0.718	0.793	0.674	0.574	0.722	0.593	0.705	0.665	0.669	0.669	0.000	0.728	0.778	0.651	0.622	0.696	0.770	0.681	0.691	0.712	0.673	0.819	0.839	1.020	0.873	0.891	0.754	0.811	0.911	0.842	0.877	0.828	0.857	0.800	0.875	0.716	0.873	0.957	0.869	0.732	0.781	0.730	0.882	0.757	0.828	0.812	0.760	0.897	0.818	0.820	0.882	0.765	0.850	0.919	0.858	0.996	0.899	0.892	0.879
1.132	1.205	1.139	1.103	1.035	1.066	1.047	1.040	0.797	0.758	0.880	0.742	0.857	0.904	0.910	0.880	0.758	0.857	0.921	0.832	0.955	0.931	0.834	0.843	0.791	0.947	0.879	0.728	0.851	0.850	0.833	0.857	0.795	1.032	0.930	0.853	0.874	0.883	0.824	0.868	0.703	0.841	0.764	0.758	0.747	0.675	0.746	0.707	0.799	0.671	0.634	0.736	0.728	0.000	0.723	0.674	0.691	0.701	0.631	0.648	0.642	0.743	0.567	0.728	0.877	0.889	0.929	0.891	0.807	0.854	0.968	0.846	0.876	0.877	0.880	0.735	0.952	0.927	0.913	0.988	0.891	0.737	0.750	0.740	0.876	0.805	0.808	0.813	0.842	0.813	0.934	0.785	0.745	0.815	0.883	0.912	0.823	0.984	0.892	0.881	0.896
1.079	1.198	1.088	1.132	1.082	1.056	1.129	1.185	0.940	0.826	0.907	0.914	0.879	0.869	0.921	0.997	0.748	0.875	0.888	0.682	0.843	0.872	0.793	0.828	0.831	0.857	0.847	0.748	0.783	0.896	0.851	0.840	0.739	0.974	0.884	0.841	0.848	0.772	0.803	0.764	0.771	0.795	0.810	0.848	0.829	0.767	0.912	0.825	0.920	0.633	0.655	0.651	0.778	0.723	0.000	0.712	0.681	0.779	0.886	0.780	0.798	0.824	0.714	0.792	0.904	0.988	0.979	0.958	0.843	0.892	1.003	0.894	0.898	0.831	0.889	0.728	0.908	0.880	0.930	0.956	0.943	0.782	0.942	0.770	0.934	0.861	0.897	0.903	0.920	0.828	0.995	0.949	0.923	0.955	0.907	0.867	0.878	0.935	0.866	0.936	0.953
1.027	1.206	1.138	1.105	1.056	1.017	1.033	1.141	0.861	0.708	0.768	0.826	0.749	0.870	0.906	0.936	0.721	0.769	0.771	0.780	0.865	0.831	0.740	0.822	0.798	0.867	0.776	0.747	0.740	0.895	0.823	0.826	0.714	0.938	0.861	0.854	0.830	0.769	0.800	0.798	0.732	0.798	0.831	0.849	0.741	0.736	0.818	0.721	0.868	0.730	0.680	0.670	0.651	0.674	0.712	0.000	0.676	0.770	0.869	0.721	0.674	0.734	0.673	0.662	0.835	0.899	0.835	0.780	0.662	0.731	0.880	0.723	0.743	0.701	0.764	0.618	0.794	0.755	0.766	0.807	0.731	0.631	0.732	0.678	0.769	0.715	0.745	0.752	0.738	0.695	0.794	0.745	0.734	0.756	0.734	0.756	0.738	0.797	0.767	0.785	0.795
1.032	1.067	1.031	1.040	1.015	1.034	1.038	1.101	0.805	0.727	0.732	0.759	0.807	0.856	0.840	0.870	0.725	0.774	0.813	0.658	0.701	0.777	0.699	0.736	0.751	0.734	0.723	0.723	0.681	0.896	0.830	0.692	0.674	0.836	0.806	0.812	0.810	0.765	0.734	0.703	0.608	0.735	0.693	0.716	0.626	0.669	0.755	0.628	0.794	0.639	0.640	0.703	0.622	0.691	0.681	0.676	0.000	0.728	0.789	0.573	0.647	0.659	0.627	0.736	0.787	0.900	0.842	0.833	0.697	0.731	0.778	0.773	0.809	0.727	0.806	0.723	0.855	0.767	0.826	0.897	0.862	0.736	0.761	0.694	0.783	0.764	0.838	0.787	0.767	0.819	0.808	0.777	0.865	0.765	0.793	0.807	0.751	0.892	0.838	0.846	0.833
1.216	1.216	1.150	1.125	1.090	1.053	1.082	1.019	0.880	0.799	0.905	0.761	0.898	0.925	0.995	0.974	0.874	0.952	1.093	0.909	0.906	0.910	0.827	0.950	0.910	0.975	0.924	0.853	0.906	0.930	0.932	0.882	0.867	1.100	0.919	0.934	0.940	0.852	0.783	0.822	0.736	0.872	0.755	0.702	0.760	0.673	0.730	0.722	0.821	0.638	0.740	0.653	0.696	0.701	0.779	0.770	0.728	0.000	0.623	0.618	0.804	0.821	0.663	0.873	0.939	1.024	1.009	1.016	0.927	1.015	1.119	0.970	1.020	0.938	0.982	0.895	1.147	1.004	1.045	1.079	1.036	0.868	0.833	0.849	0.996	0.934	0.965	0.966	0.941	0.973	1.091	0.888	0.851	0.995	1.035	1.035	0.986	1.097	1.073	1.118	1.130
1.213	1.197	1.089	1.091	1.048	1.073	1.077	0.938	0.826	0.807	0.962	0.756	1.019	1.012	1.077	0.915	0.926	0.985	1.117	1.001	1.041	0.945	0.917	0.972	0.933	1.096	0.978	0.872	0.972	0.926	0.934	0.978	0.912	1.096	0.987	0.944	0.960	1.042	0.841	0.892	0.728	0.875	0.769	0.733	0.815	0.675	0.804	0.711	0.752	0.697	0.759	0.856	0.770	0.631	0.886	0.869	0.789	0.623	0.000	0.655	0.762	0.837	0.715	0.855	0.873	0.980	0.971	1.040	0.957	1.003	1.091	1.053	1.102	1.100	1.027	0.985	1.190	1.086	1.133	1.212	1.093	0.894	0.936	0.927	1.073	1.026	1.030	0.978	1.044	1.065	1.151	0.955	0.889	1.022	1.058	1.154	1.036	1.205	1.108	1.092	1.149
1.182	1.182	1.156	1.117	1.101	1.088	1.122	1.130	0.894	0.800	0.837	0.757	0.884	0.982	0.953	0.950	0.856	0.886	0.969	0.850	0.854	0.866	0.797	0.870	0.893	0.851	0.846	0.803	0.832	0.926	0.864	0.840	0.841	1.046	0.896	0.912	0.888	0.862	0.786	0.826	0.655	0.834	0.738	0.696	0.687	0.625	0.724	0.672	0.798	0.705	0.695	0.735	0.681	0.648	0.780	0.721	0.573	0.618	0.655	0.000	0.662	0.668	0.624	0.832	0.872	1.002	0.955	0.922	0.838	0.876	0.942	0.866	0.934	0.869	0.941	0.844	1.014	0.883	0.918	1.002	0.958	0.796	0.761	0.806	0.848	0.827	0.864	0.832	0.801	0.918	0.949	0.808	0.813	0.876	0.917	0.920	0.846	1.039	0.975	1.008	0.952
1.044	1.096	1.097	1.056	1.021	1.020	0.984	1.074	0.785	0.742	0.783	0.771	0.877	0.945	0.910	0.839	0.712	0.820	0.830	0.773	0.858	0.860	0.761	0.804	0.831	0.858	0.774	0.731	0.784	0.859	0.775	0.782	0.695	0.851	0.853	0.783	0.761	0.853	0.775	0.796	0.632	0.706	0.738	0.773	0.657	0.703	0.799	0.731	0.859	0.722	0.647	0.866	0.691	0.642	0.798	0.674	0.647	0.804	0.762	0.662	0.000	0.600	0.591	0.723	0.796	0.864	0.848	0.735	0.749	0.746	0.807	0.753	0.780	0.822	0.846	0.744	0.845	0.807	0.822	0.900	0.747	0.719	0.715	0.646	0.699	0.711	0.719	0.680	0.717	0.785	0.787	0.706	0.779	0.702	0.748	0.827	0.735	0.898	0.833	0.781	0.736
1.016	1.160	1.115	1.028	1.025	1.036	0.963	1.142	0.820	0.797	0.847	0.839	0.873	0.944	0.898	0.853	0.772	0.799	0.814	0.784	0.760	0.782	0.748	0.831	0.833	0.802	0.774	0.767	0.788	0.840	0.726	0.737	0.706	0.853	0.771	0.819	0.726	0.785	0.729	0.695	0.697	0.679	0.776	0.861	0.690	0.808	0.914	0.800	0.924	0.765	0.725	0.908	0.712	0.743	0.824	0.734	0.659	0.821	0.837	0.668	0.600	0.000	0.664	0.708	0.774	0.855	0.873	0.753	0.817	0.735	0.764	0.661	0.819	0.742	0.776	0.759	0.837	0.814	0.818	0.818	0.742	0.744	0.719	0.743	0.757	0.707	0.827	0.714	0.701	0.757	0.823	0.729	0.772	0.765	0.770	0.833	0.775	0.861	0.764	0.808	0.746
1.118	1.195	1.172	1.106	1.074	1.107	1.082	1.131	0.899	0.755	0.843	0.752	0.820	0.866	0.888	0.931	0.770	0.847	0.841	0.786	0.880	0.896	0.779	0.787	0.769	0.844	0.841	0.726	0.817	0.832	0.790	0.728	0.715	0.935	0.798	0.847	0.800	0.746	0.765	0.782	0.630	0.790	0.705	0.732	0.660	0.672	0.659	0.671	0.856	0.645	0.607	0.702	0.673	0.567	0.714	0.673	0.627	0.663	0.715	0.624	0.591	0.664	0.000	0.746	0.866	0.855	0.895	0.857	0.802	0.794	0.889	0.813	0.810	0.815	0.867	0.729	0.886	0.854	0.768	0.866	0.791	0.731	0.667	0.688	0.792	0.735	0.752	0.680	0.714	0.766	0.820	0.709	0.732	0.742	0.863	0.803	0.769	0.883	0.878	0.880	0.881
0.995	1.161	1.078	0.990	0.925	0.914	0.977	1.059	0.767	0.761	0.875	0.833	0.770	0.836	0.838	0.868	0.727	0.721	0.766	0.783	0.872	0.788	0.802	0.839	0.762	0.861	0.739	0.718	0.751	0.747	0.793	0.760	0.642	0.923	0.797	0.683	0.646	0.781	0.676	0.710	0.721	0.667	0.828	0.821	0.714	0.851	0.931	0.765	0.924	0.762	0.743	0.834	0.819	0.728	0.792	0.662	0.736	0.873	0.855	0.832	0.723	0.708	0.746	0.000	0.682	0.700	0.743	0.640	0.717	0.688	0.819	0.728	0.773	0.788	0.708	0.654	0.819	0.852	0.817	0.822	0.770	0.629	0.776	0.767	0.873	0.769	0.825	0.808	0.804	0.713	0.879	0.749	0.777	0.789	0.710	0.779	0.753	0.734	0.736	0.780	0.851
0.832	0.945	0.845	0.861	0.808	0.890	0.816	0.895	0.744	0.804	0.917	0.802	0.888	0.887	0.898	0.738	0.832	0.802	0.851	0.828	0.826	0.731	0.731	0.830	0.785	0.957	0.739	0.824	0.774	0.814	0.781	0.811	0.782	0.840	0.746	0.679	0.690	0.860	0.664	0.631	0.693	0.634	0.674	0.720	0.683	0.930	1.069	0.794	0.872	0.874	0.873	1.034	0.839	0.877	0.904	0.835	0.787	0.939	0.873	0.872	0.796	0.774	0.866	0.682	0.000	0.639	0.528	0.754	0.710	0.669	0.666	0.744	0.771	0.891	0.699	0.787	0.919	0.921	0.970	0.991	0.920	0.810	0.927	0.884	1.013	0.957	1.035	0.931	0.941	0.937	0.980	0.948	0.966	0.962	0.969	1.034	0.926	0.985	0.800	0.887	0.943
