0.000	0.752	0.820	0.861	0.794	0.852	0.945	0.962	0.911	0.841	0.974	0.988	0.981	1.049	1.030	0.911	0.838	0.981	0.993	0.898	0.918	0.873	0.952	0.919	0.848	0.968	0.847	0.873	0.985	0.949	0.964	0.898	1.058	1.007	1.011	1.038	1.246	1.019	1.158	1.177	1.087	1.116	1.153	1.049	1.000	1.101	1.101	0.967	0.962	1.104	1.002	0.923	1.015	0.936	0.994	0.900	0.836	0.971	0.906	1.104	1.024	1.066	1.189	0.981	1.070	1.032	1.064	1.088	1.134	1.223	1.001	1.007	1.001	1.126	1.168	1.046	1.048	1.133	1.107	1.188	0.916	1.068	1.218	1.039	1.042	1.150	1.032	1.117	1.113	1.116	1.210	1.115	1.051	0.954	1.167	1.014	1.107	1.025	1.041	1.022	1.105
0.752	0.000	0.852	0.822	0.797	0.850	0.910	0.967	0.918	0.871	1.012	1.016	0.973	1.013	0.965	0.919	0.852	1.090	0.897	0.959	0.971	1.038	1.022	0.963	0.890	0.955	0.939	0.866	1.045	0.959	0.988	0.941	1.088	1.022	1.072	1.138	1.269	1.025	1.212	1.193	1.087	1.118	1.214	1.056	1.015	1.144	1.148	1.045	0.985	1.036	1.052	0.999	1.104	0.966	0.940	0.908	0.948	0.995	1.010	1.054	1.055	1.100	1.166	0.943	1.091	1.144	1.113	1.130	1.129	1.181	1.029	1.003	1.042	1.127	1.199	1.048	1.109	1.152	1.069	1.154	0.997	1.084	1.287	1.091	1.031	1.148	1.111	1.098	1.102	1.144	1.243	1.127	1.095	0.981	1.127	1.074	1.139	1.068	1.062	1.004	1.182
0.820	0.852	0.000	0.674	0.567	0.741	0.791	0.808	0.702	0.739	0.770	0.740	0.822	0.826	0.797	0.788	0.781	0.900	0.834	0.781	0.767	0.819	0.776	0.734	0.772	0.875	0.705	0.755	0.838	0.731	0.759	0.742	0.867	0.782	0.798	0.775	0.967	0.865	0.937	0.964	0.919	0.922	0.920	0.853	0.829	0.894	0.954	0.785	0.775	0.906	0.809	0.774	0.823	0.837	0.831	0.763	0.864	0.748	0.841	0.895	0.934	0.833	0.918	0.809	0.859	0.833	0.819	0.877	0.898	0.966	0.786	0.798	0.798	0.944	0.937	0.789	0.867	0.930	0.848	0.970	0.713	0.813	0.920	0.812	0.792	0.854	0.851	0.841	0.880	0.869	0.921	0.882	0.878	0.765	0.834	0.815	0.822	0.876	0.770	0.795	0.888
0.861	0.822	0.674	0.000	0.600	0.608	0.645	0.662	0.654	0.736	0.752	0.836	0.812	0.836	0.757	0.763	0.607	0.807	0.797	0.651	0.720	0.830	0.777	0.792	0.643	0.737	0.841	0.725	0.910	0.707	0.761	0.796	0.833	0.815	0.804	0.893	1.115	0.862	0.949	0.923	0.948	0.903	1.002	0.840	0.833	0.894	0.893	0.844	0.788	0.918	0.811	0.839	0.858	0.818	0.874	0.720	0.724	0.785	0.746	0.883	0.908	0.861	1.015	0.866	0.919	0.934	0.879	0.955	0.965	1.065	0.842	0.830	0.829	0.932	0.954	0.888	0.942	0.986	0.910	0.909	0.879	0.906	1.029	0.863	0.866	0.921	0.886	0.912	0.936	0.909	1.003	0.882	0.893	0.784	0.901	0.890	0.886	0.801	0.805	0.795	0.937
0.794	0.797	0.567	0.600	0.000	0.627	0.701	0.760	0.663	0.709	0.754	0.748	0.748	0.791	0.715	0.747	0.665	0.857	0.777	0.729	0.710	0.779	0.759	0.756	0.713	0.834	0.699	0.695	0.810	0.684	0.705	0.743	0.842	0.769	0.782	0.807	1.020	0.834	0.931	0.931	0.879	0.857	0.920	0.826	0.789	0.838	0.887	0.800	0.751	0.891	0.761	0.784	0.831	0.808	0.827	0.690	0.763	0.743	0.837	0.827	0.855	0.822	0.936	0.749	0.797	0.852	0.821	0.921	0.929	0.998	0.793	0.775	0.801	0.929	0.945	0.844	0.885	0.923	0.859	0.985	0.729	0.852	0.980	0.822	0.797	0.891	0.839	0.829	0.885	0.894	0.956	0.880	0.881	0.766	0.872	0.831	0.870	0.844	0.794	0.795	0.939
0.852	0.850	0.741	0.608	0.627	0.000	0.740	0.745	0.585	0.716	0.710	0.814	0.772	0.801	0.695	0.674	0.599	0.787	0.817	0.736	0.715	0.816	0.811	0.760	0.671	0.775	0.779	0.647	0.836	0.694	0.735	0.781	0.852	0.771	0.804	0.917	1.138	0.916	1.007	1.016	0.959	0.967	1.038	0.851	0.880	0.895	0.953	0.903	0.794	0.912	0.811	0.869	0.944	0.849	0.848	0.748	0.760	0.841	0.788	0.952	0.881	0.891	1.049	0.850	0.900	0.922	0.948	0.997	1.049	1.069	0.895	0.867	0.889	0.997	1.021	0.939	0.962	1.004	0.963	1.021	0.879	0.944	1.074	0.941	0.860	0.996	0.948	0.954	1.009	1.016	1.072	0.919	0.934	0.845	0.976	0.916	0.941	0.919	0.878	0.865	1.022
0.945	0.910	0.791	0.645	0.701	0.740	0.000	0.685	0.728	0.730	0.763	0.751	0.774	0.752	0.706	0.750	0.637	0.755	0.684	0.770	0.718	0.915	0.774	0.794	0.662	0.795	0.855	0.693	0.948	0.719	0.740	0.780	0.839	0.775	0.801	0.799	1.011	0.718	0.772	0.733	0.832	0.810	0.893	0.820	0.835	0.835	0.826	0.795	0.787	0.832	0.737	0.851	0.873	0.795	0.812	0.668	0.756	0.761	0.768	0.741	0.730	0.818	0.943	0.834	0.836	0.828	0.837	0.935	0.837	0.955	0.791	0.773	0.834	0.863	0.819	0.796	0.867	0.844	0.798	0.795	0.840	0.825	0.930	0.772	0.802	0.811	0.839	0.824	0.862	0.827	0.905	0.787	0.783	0.733	0.837	0.889	0.837	0.738	0.762	0.804	0.870
0.962	0.967	0.808	0.662	0.760	0.745	0.685	0.000	0.586	0.677	0.681	0.675	0.757	0.783	0.671	0.751	0.589	0.697	0.737	0.598	0.653	0.815	0.712	0.767	0.574	0.653	0.867	0.662	0.852	0.678	0.705	0.801	0.776	0.775	0.782	0.827	1.032	0.825	0.821	0.818	0.838	0.845	0.902	0.800	0.853	0.857	0.886	0.791	0.838	0.829	0.775	0.848	0.767	0.748	0.825	0.686	0.683	0.796	0.731	0.827	0.778	0.810	0.961	0.843	0.875	0.830	0.883	0.930	0.937	0.932	0.785	0.793	0.776	0.873	0.850	0.797	0.846	0.878	0.769	0.786	0.845	0.857	0.919	0.821	0.836	0.864	0.851	0.841	0.956	0.815	0.878	0.750	0.782	0.798	0.809	0.868	0.804	0.746	0.738	0.755	0.869
0.911	0.918	0.702	0.654	0.663	0.585	0.728	0.586	0.000	0.636	0.654	0.659	0.712	0.753	0.582	0.652	0.578	0.731	0.757	0.645	0.609	0.713	0.651	0.657	0.673	0.637	0.743	0.581	0.818	0.621	0.656	0.692	0.669	0.671	0.711	0.771	0.983	0.837	0.863	0.863	0.868	0.857	0.886	0.769	0.778	0.817	0.843	0.767	0.714	0.886	0.717	0.804	0.756	0.734	0.703	0.671	0.709	0.745	0.707	0.874	0.816	0.739	0.920	0.772	0.832	0.794	0.821	0.829	0.859	0.933	0.724	0.719	0.737	0.807	0.860	0.768	0.815	0.917	0.812	0.885	0.783	0.835	0.885	0.804	0.848	0.811	0.851	0.863	0.905	0.843	0.853	0.739	0.808	0.758	0.804	0.783	0.780	0.775	0.704	0.710	0.850
0.841	0.871	0.739	0.736	0.709	0.716	0.730	0.677	0.636	0.000	0.622	0.628	0.597	0.725	0.679	0.663	0.574	0.705	0.634	0.701	0.625	0.710	0.642	0.613	0.604	0.719	0.698	0.631	0.773	0.528	0.593	0.659	0.710	0.704	0.783	0.746	0.930	0.742	0.743	0.829	0.812	0.798	0.846	0.760	0.767	0.765	0.752	0.707	0.673	0.802	0.728	0.703	0.792	0.730	0.717	0.674	0.656	0.702	0.672	0.807	0.738	0.761	0.884	0.733	0.756	0.819	0.779	0.837	0.813	0.892	0.658	0.718	0.815	0.846	0.873	0.779	0.767	0.864	0.817	0.892	0.743	0.843	0.931	0.717	0.794	0.840	0.783	0.835	0.910	0.814	0.894	0.787	0.789	0.715	0.816	0.792	0.735	0.714	0.660	0.726	0.879
0.974	1.012	0.770	0.752	0.754	0.710	0.763	0.681	0.654	0.622	0.000	0.673	0.692	0.608	0.693	0.738	0.676	0.729	0.721	0.757	0.699	0.846	0.720	0.664	0.697	0.800	0.803	0.607	0.812	0.641	0.644	0.803	0.791	0.743	0.780	0.781	0.922	0.779	0.797	0.843	0.846	0.862	0.880	0.813	0.840	0.797	0.864	0.816	0.787	0.848	0.754	0.823	0.794	0.838	0.834	0.719	0.795	0.753	0.773	0.768	0.793	0.786	0.912	0.774	0.844	0.810	0.804	0.877	0.880	0.928	0.775	0.806	0.837	0.834	0.832	0.744	0.845	0.792	0.830	0.840	0.798	0.794	0.830	0.819	0.814	0.862	0.825	0.785	0.872	0.787	0.855	0.716	0.779	0.776	0.771	0.855	0.734	0.762	0.685	0.801	0.834
0.988	1.016	0.740	0.836	0.748	0.814	0.751	0.675	0.659	0.628	0.673	0.000	0.593	0.634	0.602	0.663	0.677	0.617	0.676	0.777	0.584	0.691	0.607	0.615	0.671	0.709	0.621	0.571	0.652	0.599	0.631	0.656	0.727	0.597	0.656	0.656	0.811	0.799	0.757	0.825	0.768	0.797	0.751	0.758	0.773	0.743	0.828	0.693	0.701	0.780	0.783	0.772	0.736	0.750	0.650	0.683	0.783	0.687	0.788	0.787	0.766	0.699	0.736	0.711	0.831	0.638	0.701	0.767	0.830	0.784	0.659	0.642	0.711	0.790	0.775	0.719	0.679	0.809	0.706	0.855	0.675	0.817	0.826	0.713	0.711	0.767	0.803	0.772	0.845	0.685	0.727	0.696	0.780	0.670	0.726	0.737	0.773	0.740	0.630	0.685	0.804
0.981	0.973	0.822	0.812	0.748	0.772	0.774	0.757	0.712	0.597	0.692	0.593	0.000	0.655	0.660	0.687	0.633	0.691	0.613	0.794	0.645	0.721	0.700	0.710	0.609	0.784	0.682	0.682	0.680	0.613	0.668	0.635	0.755	0.638	0.766	0.727	0.920	0.752	0.758	0.850	0.748	0.789	0.769	0.746	0.758	0.767	0.795	0.750	0.759	0.748	0.732	0.755	0.862	0.791	0.711	0.729	0.737	0.740	0.816	0.819	0.758	0.776	0.858	0.706	0.768	0.801	0.788	0.883	0.869	0.837	0.700	0.723	0.836	0.855	0.851	0.839	0.743	0.888	0.840	0.966	0.833	0.882	0.958	0.742	0.736	0.856	0.815	0.840	0.899	0.839	0.838	0.768	0.852	0.698	0.849	0.826	0.780	0.769	0.734	0.731	0.947
1.049	1.013	0.826	0.836	0.791	0.801	0.752	0.783	0.753	0.725	0.608	0.634	0.655	0.000	0.635	0.689	0.728	0.771	0.693	0.867	0.715	0.867	0.710	0.741	0.711	0.824	0.796	0.655	0.804	0.669	0.688	0.698	0.860	0.666	0.749	0.772	0.869	0.827	0.841	0.889	0.809	0.851	0.840	0.836	0.808	0.760	0.813	0.809	0.730	0.795	0.789	0.848	0.841	0.855	0.761	0.696	0.823	0.719	0.876	0.737	0.746	0.752	0.794	0.746	0.861	0.834	0.763	0.873	0.903	0.818	0.798	0.736	0.871	0.857	0.838	0.787	0.796	0.778	0.849	0.908	0.833	0.872	0.883	0.817	0.726	0.879	0.817	0.809	0.858	0.813	0.814	0.795	0.832	0.759	0.781	0.895	0.847	0.828	0.733	0.803	0.940
1.030	0.965	0.797	0.757	0.715	0.695	0.706	0.671	0.582	0.679	0.693	0.602	0.660	0.635	0.000	0.561	0.591	0.693	0.680	0.752	0.660	0.784	0.655	0.705	0.653	0.662	0.723	0.542	0.684	0.659	0.588	0.679	0.743	0.617	0.701	0.763	0.925	0.847	0.846	0.915	0.853	0.860	0.854	0.789	0.794	0.771	0.811	0.825	0.738	0.856	0.791	0.817	0.811	0.817	0.660	0.640	0.763	0.777	0.845	0.827	0.778	0.757	0.855	0.765	0.780	0.757	0.810	0.853	0.939	0.824	0.743	0.699	0.757	0.829	0.838	0.754	0.787	0.857	0.773	0.875	0.794	0.864	0.936	0.839	0.774	0.833	0.829	0.838	0.909	0.812	0.820	0.794	0.867	0.738	0.765	0.793	0.809	0.831	0.748	0.787	0.934
0.911	0.919	0.788	0.763	0.747	0.674	0.750	0.751	0.652	0.663	0.738	0.663	0.687	0.689	0.561	0.000	0.576	0.669	0.754	0.678	0.607	0.733	0.707	0.680	0.628	0.616	0.698	0.549	0.727	0.645	0.690	0.667	0.746	0.717	0.684	0.831	1.000	0.878	0.870	0.973	0.865	0.968	0.935	0.851	0.854	0.830	0.841	0.802	0.749	0.878	0.827	0.776	0.822	0.795	0.718	0.692	0.686	0.787	0.806	0.919	0.799	0.807	0.908	0.828	0.918	0.764	0.842	0.880	0.979	0.923	0.806	0.735	0.788	0.897	0.960	0.856	0.823	0.919	0.858	0.961	0.798	0.943	0.992	0.808	0.799	0.930	0.889	0.940	0.929	0.878	0.940	0.847	0.876	0.765	0.860	0.818	0.844	0.879	0.797	0.831	0.983
0.838	0.852	0.781	0.607	0.665	0.599	0.637	0.589	0.578	0.574	0.676	0.677	0.633	0.728	0.591	0.576	0.000	0.644	0.645	0.595	0.590	0.764	0.715	0.695	0.530	0.622	0.737	0.549	0.791	0.609	0.649	0.664	0.683	0.690	0.735	0.801	1.083	0.773	0.829	0.842	0.829	0.822	0.919	0.784	0.814	0.811	0.787	0.766	0.758	0.806	0.695	0.734	0.769	0.719	0.771	0.660	0.576	0.747	0.689	0.850	0.756	0.825	0.963	0.792	0.844	0.831	0.855	0.880	0.896	0.956	0.753	0.734	0.805	0.850	0.910	0.822	0.825	0.898	0.849	0.867	0.852	0.918	1.007	0.805	0.843	0.895	0.834	0.909	0.967	0.860	0.945	0.806	0.815	0.777	0.850	0.831	0.802	0.746	0.745	0.775	0.918
0.981	1.090	0.900	0.807	0.857	0.787	0.755	0.697	0.731	0.705	0.729	0.617	0.691	0.771	0.693	0.669	0.644	0.000	0.814	0.737	0.606	0.679	0.651	0.702	0.645	0.670	0.701	0.643	0.709	0.711	0.721	0.738	0.787	0.692	0.710	0.740	1.005	0.851	0.790	0.877	0.885	0.904	0.893	0.863	0.895	0.833	0.904	0.776	0.821	0.857	0.832	0.835	0.851	0.829	0.790	0.684	0.746	0.824	0.810	0.912	0.818	0.780	0.909	0.840	0.940	0.725	0.817	0.873	0.971	0.978	0.788	0.783	0.784	0.907	0.811	0.889	0.785	0.894	0.830	0.911	0.817	0.893	0.897	0.794	0.840	0.866	0.883	0.886	0.955	0.819	0.916	0.771	0.855	0.763	0.896	0.750	0.819	0.809	0.741	0.796	0.883
0.993	0.897	0.834	0.797	0.777	0.817	0.684	0.737	0.757	0.634	0.721	0.676	0.613	0.693	0.680	0.754	0.645	0.814	0.000	0.837	0.720	0.898	0.756	0.775	0.633	0.835	0.791	0.671	0.795	0.647	0.635	0.678	0.820	0.678	0.847	0.805	0.919	0.669	0.767	0.777	0.769	0.756	0.816	0.751	0.781	0.754	0.746	0.748	0.748	0.727	0.727	0.755	0.889	0.767	0.732	0.691	0.734	0.742	0.779	0.710	0.698	0.795	0.879	0.681	0.713	0.840	0.754	0.867	0.825	0.808	0.734	0.710	0.829	0.783	0.836	0.709	0.737	0.799	0.765	0.862	0.833	0.810	0.965	0.730	0.739	0.835	0.791	0.763	0.810	0.802	0.845	0.801	0.820	0.733	0.818	0.891	0.826	0.745	0.786	0.763	0.912
0.898	0.959	0.781	0.651	0.729	0.736	0.770	0.598	0.645	0.701	0.757	0.777	0.794	0.867	0.752	0.678	0.595	0.737	0.837	0.000	0.612	0.734	0.722	0.734	0.611	0.610	0.815	0.691	0.914	0.721	0.783	0.800	0.770	0.838	0.768	0.882	1.148	0.943	0.933	0.992	0.954	0.959	1.019	0.912	0.903	0.936	0.907	0.871	0.834	0.969	0.884	0.843	0.786	0.800	0.875	0.729	0.670	0.871	0.780	0.989	0.924	0.873	1.062	0.914	1.003	0.876	0.927	0.958	1.035	1.108	0.856	0.845	0.852	0.971	0.996	0.935	0.921	1.027	0.934	0.949	0.940	0.993	1.015	0.868	0.952	0.944	0.954	1.035	1.057	0.907	1.036	0.928	0.905	0.849	0.922	0.889	0.866	0.806	0.832	0.814	0.961
0.918	0.971	0.767	0.720	0.710	0.715	0.718	0.653	0.609	0.625	0.699	0.584	0.645	0.715	0.660	0.607	0.590	0.606	0.720	0.612	0.000	0.591	0.601	0.562	0.539	0.582	0.646	0.584	0.687	0.534	0.636	0.561	0.611	0.617	0.586	0.631	0.925	0.789	0.702	0.781	0.730	0.788	0.794	0.688	0.672	0.712	0.725	0.629	0.610	0.718	0.699	0.696	0.726	0.656	0.703	0.590	0.615	0.661	0.630	0.786	0.701	0.641	0.748	0.701	0.827	0.633	0.645	0.702	0.799	0.862	0.640	0.630	0.637	0.766	0.761	0.761	0.734	0.819	0.711	0.823	0.685	0.799	0.812	0.606	0.669	0.719	0.738	0.758	0.776	0.664	0.761	0.668	0.665	0.608	0.716	0.632	0.698	0.669	0.612	0.618	0.752
0.873	1.038	0.819	0.830	0.779	0.816	0.915	0.815	0.713	0.710	0.846	0.691	0.721	0.867	0.784	0.733	0.764	0.679	0.898	0.734	0.591	0.000	0.581	0.635	0.687	0.699	0.606	0.723	0.663	0.698	0.761	0.718	0.764	0.741	0.758	0.711	0.965	0.948	0.907	0.994	0.923	0.963	0.906	0.878	0.838	0.905	0.958	0.817	0.817	0.947	0.914	0.827	0.899	0.852	0.805	0.762	0.735	0.823	0.846	0.995	0.932	0.791	0.920	0.822	0.928	0.774	0.842	0.867	0.998	1.038	0.791	0.787	0.791	0.981	0.946	0.955	0.831	1.024	0.929	1.106	0.779	0.938	0.964	0.819	0.890	0.901	0.913	0.946	0.994	0.908	0.964	0.889	0.945	0.770	0.968	0.779	0.910	0.906	0.818	0.782	0.968
0.952	1.022	0.776	0.777	0.759	0.811	0.774	0.712	0.651	0.642	0.720	0.607	0.700	0.710	0.655	0.707	0.715	0.651	0.756	0.722	0.601	0.581	0.000	0.605	0.663	0.664	0.659	0.631	0.720	0.632	0.644	0.666	0.675	0.610	0.701	0.647	0.830	0.772	0.741	0.805	0.816	0.814	0.768	0.790	0.793	0.774	0.815	0.687	0.704	0.837	0.801	0.747	0.765	0.778	0.685	0.641	0.707	0.673	0.743	0.805	0.810	0.655	0.776	0.733	0.805	0.705	0.701	0.724	0.824	0.874	0.645	0.677	0.690	0.768	0.761	0.763	0.697	0.808	0.748	0.896	0.719	0.773	0.799	0.696	0.787	0.771	0.791	0.791	0.860	0.756	0.784	0.737	0.800	0.692	0.808	0.726	0.764	0.778	0.691	0.695	0.849
0.919	0.963	0.734	0.792	0.756	0.760	0.794	0.767	0.657	0.613	0.664	0.615	0.710	0.741	0.705	0.680	0.695	0.702	0.775	0.734	0.562	0.635	0.605	0.000	0.683	0.666	0.635	0.573	0.719	0.620	0.678	0.639	0.650	0.645	0.641	0.668	0.905	0.818	0.766	0.891	0.872	0.858	0.848	0.833	0.785	0.814	0.858	0.710	0.693	0.864	0.781	0.777	0.783	0.779	0.686	0.710	0.725	0.642	0.733	0.842	0.807	0.733	0.807	0.733	0.826	0.724	0.713	0.715	0.774	0.898	0.675	0.736	0.737	0.833	0.825	0.766	0.779	0.841	0.760	0.864	0.689	0.788	0.802	0.719	0.759	0.775	0.814	0.832	0.857	0.766	0.786	0.765	0.798	0.697	0.785	0.712	0.718	0.741	0.649	0.709	0.788
0.848	0.890	0.772	0.643	0.713	0.671	0.662	0.574	0.673	0.604	0.697	0.671	0.609	0.711	0.653	0.628	0.530	0.645	0.633	0.611	0.539	0.687	0.663	0.683	0.000	0.605	0.733	0.593	0.718	0.587	0.648	0.627	0.709	0.669	0.696	0.734	0.991	0.745	0.752	0.811	0.782	0.832	0.857	0.726	0.764	0.757	0.757	0.703	0.696	0.711	0.697	0.721	0.816	0.664	0.703	0.576	0.550	0.697	0.647	0.777	0.693	0.735	0.865	0.709	0.780	0.764	0.778	0.843	0.878	0.860	0.676	0.710	0.732	0.833	0.808	0.799	0.756	0.810	0.783	0.872	0.798	0.822	0.942	0.689	0.694	0.828	0.741	0.816	0.875	0.799	0.869	0.755	0.755	0.664	0.816	0.777	0.777	0.702	0.734	0.685	0.888
0.968	0.955	0.875	0.737	0.834	0.775	0.795	0.653	0.637	0.719	0.800	0.709	0.784	0.824	0.662	0.616	0.622	0.670	0.835	0.610	0.582	0.699	0.664	0.666	0.605	0.000	0.763	0.590	0.790	0.667	0.739	0.714	0.697	0.770	0.641	0.806	1.009	0.884	0.859	0.944	0.939	0.973	0.976	0.892	0.870	0.886	0.884	0.812	0.802	0.906	0.872	0.848	0.827	0.784	0.744	0.698	0.690	0.833	0.774	0.950	0.853	0.771	0.913	0.871	0.982	0.798	0.892	0.877	0.952	0.964	0.765	0.762	0.735	0.896	0.926	0.883	0.859	0.964	0.868	0.928	0.847	0.940	0.962	0.828	0.849	0.856	0.908	0.954	0.981	0.876	0.949	0.802	0.874	0.788	0.876	0.782	0.883	0.838	0.782	0.752	0.923
0.847	0.939	0.705	0.841	0.699	0.779	0.855	0.867	0.743	0.698	0.803	0.621	0.682	0.796	0.723	0.698	0.737	0.701	0.791	0.815	0.646	0.606	0.659	0.635	0.733	0.763	0.000	0.656	0.541	0.693	0.685	0.661	0.815	0.689	0.734	0.719	0.919	0.857	0.883	0.989	0.902	0.939	0.879	0.898	0.835	0.902	0.951	0.797	0.771	0.901	0.872	0.786	0.862	0.884	0.717	0.719	0.816	0.765	0.868	0.929	0.901	0.797	0.842	0.733	0.863	0.713	0.771	0.860	0.952	0.937	0.764	0.756	0.750	0.920	0.910	0.880	0.810	0.973	0.867	1.083	0.711	0.885	0.944	0.790	0.808	0.911	0.880	0.893	0.940	0.885	0.925	0.876	0.952	0.767	0.943	0.750	0.886	0.918	0.814	0.823	0.964
0.873	0.866	0.755	0.725	0.695	0.647	0.693	0.662	0.581	0.631	0.607	0.571	0.682	0.655	0.542	0.549	0.549	0.643	0.671	0.691	0.584	0.723	0.631	0.573	0.593	0.590	0.656	0.000	0.685	0.618	0.619	0.635	0.670	0.619	0.623	0.755	0.950	0.802	0.820	0.897	0.821	0.887	0.876	0.814	0.782	0.796	0.821	0.760	0.708	0.831	0.758	0.774	0.751	0.737	0.678	0.628	0.677	0.711	0.732	0.774	0.736	0.728	0.829	0.715	0.850	0.720	0.774	0.803	0.860	0.867	0.700	0.695	0.688	0.783	0.828	0.732	0.758	0.798	0.746	0.834	0.736	0.809	0.868	0.788	0.757	0.829	0.802	0.826	0.869	0.750	0.827	0.715	0.766	0.725	0.766	0.773	0.802	0.741	0.706	0.719	0.858
0.985	1.045	0.838	0.910	0.810	0.836	0.948	0.852	0.818	0.773	0.812	0.652	0.680	0.804	0.684	0.727	0.791	0.709	0.795	0.914	0.687	0.663	0.720	0.719	0.718	0.790	0.541	0.685	0.000	0.702	0.688	0.704	0.862	0.693	0.752	0.757	0.922	0.920	0.909	1.035	0.941	0.982	0.860	0.873	0.847	0.899	0.963	0.847	0.854	0.862	0.898	0.846	0.955	0.956	0.752	0.765	0.856	0.835	0.918	0.937	0.899	0.805	0.843	0.735	0.853	0.757	0.815	0.895	1.033	0.866	0.773	0.778	0.743	0.930	0.879	0.883	0.798	0.934	0.830	1.105	0.758	0.919	0.980	0.827	0.761	0.921	0.873	0.852	0.923	0.890	0.878	0.860	0.954	0.769	0.926	0.785	0.917	0.967	0.847	0.855	1.006
0.949	0.959	0.731	0.707	0.684	0.694	0.719	0.678	0.621	0.528	0.641	0.599	0.613	0.669	0.659	0.645	0.609	0.711	0.647	0.721	0.534	0.698	0.632	0.620	0.587	0.667	0.693	0.618	0.702	0.000	0.582	0.595	0.674	0.681	0.639	0.666	0.858	0.744	0.712	0.768	0.797	0.743	0.753	0.673	0.695	0.698	0.681	0.634	0.603	0.718	0.677	0.694	0.778	0.766	0.687	0.654	0.673	0.604	0.670	0.767	0.686	0.648	0.756	0.678	0.738	0.737	0.706	0.785	0.784	0.815	0.637	0.658	0.705	0.758	0.798	0.736	0.743	0.811	0.736	0.893	0.713	0.791	0.873	0.622	0.669	0.794	0.755	0.742	0.785	0.783	0.781	0.698	0.731	0.639	0.741	0.710	0.705	0.715	0.615	0.662	0.799
0.964	0.988	0.759	0.761	0.705	0.735	0.740	0.705	0.656	0.593	0.644	0.631	0.668	0.688	0.588	0.690	0.649	0.721	0.635	0.783	0.636	0.761	0.644	0.678	0.648	0.739	0.685	0.619	0.688	0.582	0.000	0.605	0.637	0.586	0.646	0.639	0.786	0.686	0.708	0.763	0.726	0.679	0.729	0.682	0.673	0.649	0.715	0.678	0.678	0.681	0.652	0.629	0.695	0.749	0.668	0.590	0.673	0.599	0.699	0.719	0.698	0.697	0.808	0.681	0.615	0.681	0.690	0.706	0.814	0.729	0.623	0.611	0.728	0.699	0.755	0.669	0.636	0.727	0.738	0.800	0.680	0.766	0.843	0.725	0.729	0.780	0.683	0.727	0.893	0.771	0.808	0.735	0.741	0.714	0.719	0.782	0.722	0.750	0.680	0.730	0.880
0.898	0.941	0.742	0.796	0.743	0.781	0.780	0.801	0.692	0.659	0.803	0.656	0.635	0.698	0.679	0.667	0.664	0.738	0.678	0.800	0.561	0.718	0.666	0.639	0.627	0.714	0.661	0.635	0.704	0.595	0.605	0.000	0.653	0.551	0.620	0.632	0.853	0.759	0.745	0.841	0.762	0.780	0.741	0.715	0.642	0.678	0.681	0.588	0.604	0.682	0.671	0.612	0.752	0.709	0.609	0.663	0.633	0.612	0.658	0.782	0.698	0.699	0.742	0.689	0.746	0.666	0.674	0.688	0.757	0.709	0.589	0.603	0.688	0.724	0.770	0.681	0.644	0.798	0.732	0.864	0.687	0.748	0.864	0.623	0.636	0.765	0.652	0.755	0.782	0.768	0.759	0.769	0.738	0.681	0.750	0.723	0.728	0.743	0.693	0.719	0.844
1.058	1.088	0.867	0.833	0.842	0.852	0.839	0.776	0.669	0.710	0.791	0.727	0.755	0.860	0.743	0.746	0.683	0.787	0.820	0.770	0.611	0.764	0.675	0.650	0.709	0.697	0.815	0.670	0.862	0.674	0.637	0.653	0.000	0.628	0.630	0.666	0.859	0.755	0.671	0.770	0.763	0.759	0.789	0.726	0.709	0.725	0.733	0.664	0.706	0.783	0.699	0.657	0.659	0.669	0.659	0.700	0.668	0.632	0.669	0.817	0.747	0.706	0.788	0.727	0.780	0.694	0.712	0.604	0.701	0.813	0.584	0.575	0.657	0.676	0.764	0.737	0.679	0.808	0.743	0.829	0.788	0.826	0.779	0.708	0.820	0.774	0.733	0.834	0.903	0.757	0.776	0.708	0.713	0.766	0.757	0.761	0.710	0.691	0.677	0.690	0.855
1.007	1.022	0.782	0.815	0.769	0.771	0.775	0.775	0.671	0.704	0.743	0.597	0.638	0.666	0.617	0.717	0.690	0.692	0.678	0.838	0.617	0.741	0.610	0.645	0.669	0.770	0.689	0.619	0.693	0.681	0.586	0.551	0.628	0.000	0.634	0.599	0.830	0.760	0.731	0.814	0.729	0.719	0.701	0.674	0.709	0.685	0.758	0.653	0.675	0.721	0.711	0.716	0.757	0.749	0.611	0.654	0.731	0.615	0.743	0.734	0.715	0.654	0.728	0.652	0.737	0.655	0.649	0.664	0.780	0.711	0.599	0.600	0.684	0.702	0.731	0.686	0.621	0.753	0.698	0.855	0.745	0.752	0.788	0.690	0.710	0.749	0.696	0.756	0.835	0.728	0.700	0.729	0.778	0.693	0.780	0.732	0.734	0.757	0.693	0.710	0.844
1.011	1.072	0.798	0.804	0.782	0.804	0.801	0.782	0.711	0.783	0.780	0.656	0.766	0.749	0.701	0.684	0.735	0.710	0.847	0.768	0.586	0.758	0.701	0.641	0.696	0.641	0.734	0.623	0.752	0.639	0.646	0.620	0.630	0.634	0.000	0.643	0.851	0.827	0.761	0.878	0.868	0.891	0.830	0.831	0.765	0.739	0.803	0.729	0.707	0.818	0.777	0.786	0.717	0.811	0.669	0.697	0.774	0.688	0.791	0.852	0.801	0.703	0.747	0.764	0.860	0.635	0.743	0.730	0.848	0.805	0.631	0.661	0.638	0.765	0.814	0.774	0.716	0.781	0.753	0.887	0.729	0.838	0.798	0.723	0.726	0.759	0.718	0.844	0.855	0.780	0.779	0.731	0.772	0.710	0.775	0.728	0.759	0.766	0.659	0.718	0.840
1.038	1.138	0.775	0.893	0.807	0.917	0.799	0.827	0.771	0.746	0.781	0.656	0.727	0.772	0.763	0.831	0.801	0.740	0.805	0.882	0.631	0.711	0.647	0.668	0.734	0.806	0.719	0.755	0.757	0.666	0.639	0.632	0.666	0.599	0.643	0.000	0.718	0.764	0.608	0.721	0.730	0.709	0.619	0.664	0.684	0.680	0.729	0.607	0.678	0.725	0.671	0.670	0.762	0.824	0.712	0.652	0.777	0.599	0.730	0.715	0.693	0.614	0.684	0.698	0.694	0.583	0.638	0.684	0.720	0.769	0.564	0.642	0.683	0.716	0.675	0.687	0.616	0.728	0.701	0.844	0.631	0.709	0.690	0.592	0.691	0.656	0.685	0.683	0.777	0.673	0.696	0.693	0.718	0.688	0.707	0.683	0.672	0.712	0.589	0.674	0.752
1.246	1.269	0.967	1.115	1.020	1.138	1.011	1.032	0.983	0.930	0.922	0.811	0.920	0.869	0.925	1.000	1.083	1.005	0.919	1.148	0.925	0.965	0.830	0.905	0.991	1.009	0.919	0.950	0.922	0.858	0.786	0.853	0.859	0.830	0.851	0.718	0.000	0.838	0.754	0.839	0.879	0.909	0.705	0.877	0.890	0.803	0.856	0.827	0.861	0.877	0.924	0.795	0.883	0.994	0.776	0.845	1.002	0.795	0.959	0.843	0.852	0.745	0.757	0.874	0.859	0.785	0.786	0.827	0.883	0.714	0.775	0.711	0.812	0.866	0.845	0.773	0.760	0.852	0.856	0.989	0.784	0.844	0.802	0.788	0.826	0.886	0.852	0.792	0.888	0.856	0.784	0.854	0.919	0.848	0.848	0.891	0.882	0.943	0.821	0.843	0.965
1.019	1.025	0.865	0.862	0.834	0.916	0.718	0.825	0.837	0.742	0.779	0.799	0.752	0.827	0.847	0.878	0.773	0.851	0.669	0.943	0.789	0.948	0.772	0.818	0.745	0.884	0.857	0.802	0.920	0.744	0.686	0.759	0.755	0.760	0.827	0.764	0.838	0.000	0.592	0.525	0.717	0.683	0.739	0.806	0.792	0.695	0.716	0.661	0.773	0.668	0.674	0.712	0.815	0.699	0.736	0.712	0.783	0.632	0.754	0.635	0.647	0.773	0.802	0.696	0.698	0.786	0.729	0.762	0.667	0.798	0.662	0.723	0.792	0.716	0.706	0.653	0.690	0.694	0.723	0.774	0.771	0.706	0.855	0.665	0.737	0.773	0.701	0.741	0.852	0.791	0.844	0.716	0.738	0.759	0.838	0.853	0.756	0.762	0.753	0.774	0.853
1.158	1.212	0.937	0.949	0.931	1.007	0.772	0.821	0.863	0.743	0.797	0.757	0.758	0.841	0.846	0.870	0.829	0.790	0.767	0.933	0.702	0.907	0.741	0.766	0.752	0.859	0.883	0.820	0.909	0.712	0.708	0.745	0.671	0.731	0.761	0.608	0.754	0.592	0.000	0.539	0.661	0.694	0.639	0.733	0.795	0.676	0.653	0.605	0.724	0.675	0.665	0.710	0.751	0.757	0.768	0.710	0.772	0.668	0.746	0.655	0.617	0.651	0.724	0.779	0.727	0.663	0.646	0.729	0.668	0.741	0.596	0.689	0.732	0.687	0.638	0.693	0.646	0.674	0.660	0.721	0.747	0.740	0.723	0.549	0.702	0.699	0.660	0.719	0.800	0.661	0.702	0.643	0.657	0.723	0.729	0.763	0.617	0.697	0.655	0.727	0.731
1.177	1.193	0.964	0.923	0.931	1.016	0.733	0.818	0.863	0.829	0.843	0.825	0.850	0.889	0.915	0.973	0.842	0.877	0.777	0.992	0.781	0.994	0.805	0.891	0.811	0.944	0.989	0.897	1.035	0.768	0.763	0.841	0.770	0.814	0.878	0.721	0.839	0.525	0.539	0.000	0.660	0.650	0.668	0.741	0.797	0.749	0.719	0.629	0.817	0.699	0.661	0.763	0.795	0.726	0.832	0.766	0.807	0.658	0.762	0.617	0.677	0.754	0.796	0.801	0.746	0.785	0.707	0.766	0.624	0.835	0.719	0.760	0.792	0.723	0.642	0.689	0.714	0.654	0.707	0.716	0.798	0.706	0.752	0.627	0.764	0.716	0.693	0.686	0.788	0.692	0.733	0.613	0.658	0.772	0.733	0.831	0.718	0.693	0.683	0.728	0.766
1.087	1.087	0.919	0.948	0.879	0.959	0.832	0.838	0.868	0.812	0.846	0.768	0.748	0.809	0.853	0.865	0.829	0.885	0.769	0.954	0.730	0.923	0.816	0.872	0.782	0.939	0.902	0.821	0.941	0.797	0.726	0.762	0.763	0.729	0.868	0.730	0.879	0.717	0.661	0.660	0.000	0.596	0.644	0.591	0.647	0.675	0.740	0.676	0.726	0.590	0.665	0.709	0.760	0.662	0.801	0.708	0.772	0.683	0.762	0.682	0.635	0.783	0.818	0.750	0.738	0.719	0.702	0.762	0.776	0.835	0.733	0.721	0.814	0.777	0.740	0.724	0.686	0.730	0.749	0.804	0.812	0.823	0.893	0.675	0.736	0.782	0.727	0.697	0.812	0.673	0.787	0.703	0.688	0.793	0.732	0.816	0.742	0.746	0.726	0.735	0.806
1.116	1.118	0.922	0.903	0.857	0.967	0.810	0.845	0.857	0.798	0.862	0.797	0.789	0.851	0.860	0.968	0.822	0.904	0.756	0.959	0.788	0.963	0.814	0.858	0.832	0.973	0.939	0.887	0.982	0.743	0.679	0.780	0.759	0.719	0.891	0.709	0.909	0.683	0.694	0.650	0.596	0.000	0.634	0.588	0.642	0.649	0.712	0.691	0.708	0.644	0.671	0.743	0.779	0.767	0.817	0.714	0.795	0.631	0.720	0.669	0.715	0.765	0.841	0.718	0.681	0.804	0.709	0.781	0.732	0.871	0.734	0.728	0.871	0.733	0.736	0.733	0.719	0.782	0.764	0.762	0.843	0.823	0.859	0.734	0.793	0.808	0.742	0.707	0.868	0.705	0.775	0.759	0.748	0.806	0.751	0.858	0.748	0.674	0.726	0.705	0.814
1.153	1.214	0.920	1.002	0.920	1.038	0.893	0.902	0.886	0.846	0.880	0.751	0.769	0.840	0.854	0.935	0.919	0.893	0.816	1.019	0.794	0.906	0.768	0.848	0.857	0.976	0.879	0.876	0.860	0.753	0.729	0.741	0.789	0.701	0.830	0.619	0.705	0.739	0.639	0.668	0.644	0.634	0.000	0.631	0.673	0.647	0.657	0.591	0.717	0.682	0.695	0.687	0.815	0.807	0.721	0.733	0.808	0.666	0.809	0.690	0.668	0.666	0.677	0.738	0.718	0.684	0.634	0.743	0.727	0.700	0.671	0.681	0.755	0.716	0.599	0.668	0.601	0.703	0.708	0.860	0.769	0.712	0.751	0.610	0.684	0.759	0.667	0.689	0.747	0.690	0.616	0.679	0.712	0.690	0.746	0.737	0.681	0.753	0.649	0.682	0.791
1.049	1.056	0.853	0.840	0.826	0.851	0.820	0.800	0.769	0.760	0.813	0.758	0.746	0.836	0.789	0.851	0.784	0.863	0.751	0.912	0.688	0.878	0.790	0.833	0.726	0.892	0.898	0.814	0.873	0.673	0.682	0.715	0.726	0.674	0.831	0.664	0.877	0.806	0.733	0.741	0.591	0.588	0.631	0.000	0.538	0.632	0.687	0.649	0.617	0.630	0.642	0.651	0.790	0.732	0.738	0.628	0.705	0.641	0.649	0.734	0.679	0.687	0.788	0.673	0.688	0.707	0.668	0.728	0.773	0.787	0.673	0.626	0.744	0.719	0.733	0.691	0.684	0.770	0.718	0.834	0.781	0.783	0.874	0.641	0.674	0.756	0.682	0.629	0.730	0.706	0.733	0.676	0.646	0.675	0.696	0.739	0.678	0.674	0.665	0.648	0.769
1.000	1.015	0.829	0.833	0.789	0.880	0.835	0.853	0.778	0.767	0.840	0.773	0.758	0.808	0.794	0.854	0.814	0.895	0.781	0.903	0.672	0.838	0.793	0.785	0.764	0.870	0.835	0.782	0.847	0.695	0.673	0.642	0.709	0.709	0.765	0.684	0.890	0.792	0.795	0.797	0.647	0.642	0.673	0.538	0.000	0.638	0.694	0.635	0.584	0.703	0.694	0.698	0.775	0.719	0.718	0.641	0.737	0.609	0.664	0.742	0.708	0.672	0.731	0.635	0.731	0.693	0.611	0.687	0.752	0.835	0.690	0.659	0.706	0.700	0.708	0.665	0.690	0.794	0.759	0.834	0.717	0.741	0.851	0.673	0.664	0.662	0.644	0.649	0.698	0.697	0.718	0.689	0.625	0.633	0.627	0.698	0.685	0.652	0.607	0.615	0.770
1.101	1.144	0.894	0.894	0.838	0.895	0.835	0.857	0.817	0.765	0.797	0.743	0.767	0.760	0.771	0.830	0.811	0.833	0.754	0.936	0.712	0.905	0.774	0.814	0.757	0.886	0.902	0.796	0.899	0.698	0.649	0.678	0.725	0.685	0.739	0.680	0.803	0.695	0.676	0.749	0.675	0.649	0.647	0.632	0.638	0.000	0.577	0.640	0.585	0.608	0.643	0.664	0.779	0.732	0.698	0.648	0.754	0.646	0.690	0.696	0.626	0.691	0.736	0.687	0.701	0.668	0.650	0.714	0.746	0.735	0.639	0.642	0.764	0.624	0.694	0.596	0.628	0.669	0.748	0.789	0.765	0.765	0.849	0.662	0.701	0.755	0.638	0.711	0.786	0.698	0.757	0.739	0.663	0.726	0.718	0.783	0.692	0.721	0.685	0.701	0.809
1.101	1.148	0.954	0.893	0.887	0.953	0.826	0.886	0.843	0.752	0.864	0.828	0.795	0.813	0.811	0.841	0.787	0.904	0.746	0.907	0.725	0.958	0.815	0.858	0.757	0.884	0.951	0.821	0.963	0.681	0.715	0.681	0.733	0.758	0.803	0.729	0.856	0.716	0.653	0.719	0.740	0.712	0.657	0.687	0.694	0.577	0.000	0.616	0.592	0.699	0.712	0.658	0.744	0.730	0.726	0.679	0.715	0.694	0.688	0.717	0.555	0.704	0.731	0.731	0.742	0.784	0.690	0.772	0.738	0.742	0.695	0.645	0.774	0.671	0.752	0.707	0.663	0.764	0.796	0.822	0.844	0.796	0.881	0.639	0.738	0.806	0.684	0.817	0.835	0.774	0.795	0.791	0.696	0.764	0.746	0.830	0.717	0.700	0.689	0.714	0.800
0.967	1.045	0.785	0.844	0.800	0.903	0.795	0.791	0.767	0.707	0.816	0.693	0.750	0.809	0.825	0.802	0.766	0.776	0.748	0.871	0.629	0.817	0.687	0.710	0.703	0.812	0.797	0.760	0.847	0.634	0.678	0.588	0.664	0.653	0.729	0.607	0.827	0.661	0.605	0.629	0.676	0.691	0.591	0.649	0.635	0.640	0.616	0.000	0.610	0.661	0.612	0.588	0.690	0.610	0.647	0.639	0.652	0.565	0.622	0.672	0.573	0.598	0.680	0.689	0.721	0.634	0.577	0.667	0.662	0.756	0.627	0.623	0.626	0.652	0.659	0.631	0.608	0.689	0.631	0.790	0.636	0.617	0.727	0.539	0.621	0.689	0.615	0.666	0.691	0.673	0.682	0.632	0.548	0.611	0.709	0.637	0.617	0.684	0.570	0.632	0.692
0.962	0.985	0.775	0.788	0.751	0.794	0.787	0.838	0.714	0.673	0.787	0.701	0.759	0.730	0.738	0.749	0.758	0.821	0.748	0.834	0.610	0.817	0.704	0.693	0.696	0.802	0.771	0.708	0.854	0.603	0.678	0.604	0.706	0.675	0.707	0.678	0.861	0.773	0.724	0.817	0.726	0.708	0.717	0.617	0.584	0.585	0.592	0.610	0.000	0.708	0.694	0.689	0.748	0.673	0.631	0.559	0.708	0.607	0.625	0.705	0.633	0.601	0.660	0.623	0.735	0.675	0.561	0.693	0.734	0.797	0.627	0.614	0.695	0.646	0.743	0.667	0.697	0.773	0.738	0.831	0.675	0.763	0.848	0.610	0.623	0.753	0.700	0.711	0.717	0.706	0.755	0.737	0.667	0.653	0.686	0.679	0.690	0.680	0.619	0.608	0.769
1.104	1.036	0.906	0.918	0.891	0.912	0.832	0.829	0.886	0.802	0.848	0.780	0.748	0.795	0.856	0.878	0.806	0.857	0.727	0.969	0.718	0.947	0.837	0.864	0.711	0.906	0.901	0.831	0.862	0.718	0.681	0.682	0.783	0.721	0.818	0.725	0.877	0.668	0.675	0.699	0.590	0.644	0.682	0.630	0.703	0.608	0.699	0.661	0.708	0.000	0.606	0.670	0.836	0.755	0.758	0.691	0.771	0.654	0.754	0.684	0.621	0.779	0.770	0.696	0.716	0.759	0.735	0.794	0.785	0.698	0.689	0.690	0.802	0.725	0.718	0.726	0.658	0.675	0.678	0.808	0.806	0.800	0.934	0.672	0.627	0.837	0.687	0.653	0.823	0.759	0.825	0.731	0.652	0.771	0.741	0.867	0.785	0.805	0.754	0.740	0.887
1.002	1.052	0.809	0.811	0.761	0.811	0.737	0.775	0.717	0.728	0.754	0.783	0.732	0.789	0.791	0.827	0.695	0.832	0.727	0.884	0.699	0.914	0.801	0.781	0.697	0.872	0.872	0.758	0.898	0.677	0.652	0.671	0.699	0.711	0.777	0.671	0.924	0.674	0.665	0.661	0.665	0.671	0.695	0.642	0.694	0.643	0.712	0.612	0.694	0.606	0.000	0.685	0.788	0.737	0.801	0.664	0.721	0.598	0.677	0.669	0.585	0.755	0.834	0.742	0.676	0.750	0.730	0.803	0.735	0.814	0.686	0.736	0.800	0.723	0.741	0.694	0.698	0.675	0.701	0.782	0.743	0.765	0.868	0.646	0.711	0.789	0.670	0.693	0.810	0.766	0.800	0.692	0.600	0.741	0.703	0.797	0.695	0.755	0.646	0.740	0.831
0.923	0.999	0.774	0.839	0.784	0.869	0.851	0.848	0.804	0.703	0.823	0.772	0.755	0.848	0.817	0.776	0.734	0.835	0.755	0.843	0.696	0.827	0.747	0.777	0.721	0.848	0.786	0.774	0.846	0.694	0.629	0.612	0.657	0.716	0.786	0.670	0.795	0.712	0.710	0.763	0.709	0.743	0.687	0.651	0.698	0.664	0.658	0.588	0.689	0.670	0.685	0.000	0.673	0.709	0.699	0.646	0.642	0.642	0.635	0.785	0.710	0.746	0.826	0.708	0.732	0.725	0.724	0.656	0.772	0.748	0.663	0.588	0.717	0.752	0.769	0.702	0.635	0.776	0.798	0.842	0.758	0.746	0.885	0.661	0.739	0.849	0.689	0.742	0.844	0.782	0.839	0.784	0.717	0.734	0.781	0.770	0.711	0.753	0.739	0.737	0.867
1.015	1.104	0.823	0.858	0.831	0.944	0.873	0.767	0.756	0.792	0.794	0.736	0.862	0.841	0.811	0.822	0.769	0.851	0.889	0.786	0.726	0.899	0.765	0.783	0.816	0.827	0.862	0.751	0.955	0.778	0.695	0.752	0.659	0.757	0.717	0.762	0.883	0.815	0.751	0.795	0.760	0.779	0.815	0.790	0.775	0.779	0.744	0.690	0.748	0.836	0.788	0.673	0.000	0.688	0.757	0.675	0.706	0.698	0.748	0.795	0.790	0.742	0.818	0.790	0.840	0.741	0.740	0.665	0.786	0.836	0.720	0.662	0.717	0.759	0.844	0.732	0.737	0.805	0.782	0.748	0.781	0.826	0.783	0.791	0.849	0.830	0.732	0.860	0.949	0.710	0.790	0.772	0.732	0.828	0.709	0.828	0.690	0.704	0.701	0.757	0.795
0.936	0.966	0.837	0.818	0.808	0.849	0.795	0.748	0.734	0.730	0.838	0.750	0.791	0.855	0.817	0.795	0.719	0.829	0.767	0.800	0.656	0.852	0.778	0.779	0.664	0.784	0.884	0.737	0.956	0.766	0.749	0.709	0.669	0.749	0.811	0.824	0.994	0.699	0.757	0.726	0.662	0.767	0.807	0.732	0.719	0.732	0.730	0.610	0.673	0.755	0.737	0.709	0.688	0.000	0.698	0.656	0.618	0.712	0.650	0.746	0.673	0.756	0.830	0.708	0.782	0.765	0.709	0.699	0.716	0.888	0.699	0.685	0.710	0.763	0.775	0.709	0.731	0.801	0.758	0.774	0.779	0.736	0.844	0.710	0.740	0.756	0.726	0.818	0.861	0.694	0.803	0.705	0.671	0.743	0.768	0.743	0.733	0.669	0.718	0.670	0.803
0.994	0.940	0.831	0.874	0.827	0.848	0.812	0.825	0.703	0.717	0.834	0.650	0.711	0.761	0.660	0.718	0.771	0.790	0.732	0.875	0.703	0.805	0.685	0.686	0.703	0.744	0.717	0.678	0.752	0.687	0.668	0.609	0.659	0.611	0.669	0.712	0.776	0.736	0.768	0.832	0.801	0.817	0.721	0.738	0.718	0.698	0.726	0.647	0.631	0.758	0.801	0.699	0.757	0.698	0.000	0.605	0.719	0.656	0.738	0.773	0.729	0.691	0.700	0.619	0.755	0.696	0.700	0.672	0.751	0.703	0.595	0.595	0.673	0.679	0.766	0.683	0.633	0.781	0.743	0.904	0.749	0.746	0.846	0.687	0.695	0.775	0.750	0.791	0.806	0.779	0.751	0.751	0.797	0.699	0.778	0.717	0.751	0.751	0.691	0.642	0.851
0.900	0.908	0.763	0.720	0.690	0.748	0.668	0.686	0.671	0.674	0.719	0.683	0.729	0.696	0.640	0.692	0.660	0.684	0.691	0.729	0.590	0.762	0.641	0.710	0.576	0.698	0.719	0.628	0.765	0.654	0.590	0.663	0.700	0.654	0.697	0.652	0.845	0.712	0.710	0.766	0.708	0.714	0.733	0.628	0.641	0.648	0.679	0.639	0.559	0.691	0.664	0.646	0.675	0.656	0.605	0.000	0.630	0.630	0.635	0.661	0.614	0.583	0.721	0.605	0.711	0.669	0.645	0.709	0.793	0.790	0.618	0.581	0.619	0.698	0.686	0.673	0.665	0.748	0.726	0.780	0.680	0.723	0.816	0.658	0.687	0.727	0.697	0.678	0.786	0.688	0.776	0.690	0.653	0.627	0.668	0.650	0.694	0.668	0.628	0.625	0.813
0.836	0.948	0.864	0.724	0.763	0.760	0.756	0.683	0.709	0.656	0.795	0.783	0.737	0.823	0.763	0.686	0.576	0.746	0.734	0.670	0.615	0.735	0.707	0.725	0.550	0.690	0.816	0.677	0.856	0.673	0.673	0.633	0.668	0.731	0.774	0.777	1.002	0.783	0.772	0.807	0.772	0.795	0.808	0.705	0.737	0.754	0.715	0.652	0.708	0.771	0.721	0.642	0.706	0.618	0.719	0.630	0.000	0.661	0.612	0.794	0.722	0.733	0.908	0.745	0.780	0.782	0.761	0.778	0.825	0.906	0.720	0.705	0.758	0.803	0.846	0.787	0.748	0.835	0.814	0.853	0.804	0.806	0.916	0.694	0.789	0.869	0.691	0.861	0.899	0.815	0.854	0.782	0.716	0.728	0.829	0.800	0.740	0.696	0.754	0.692	0.873
0.971	0.995	0.748	0.785	0.743	0.841	0.761	0.796	0.745	0.702	0.753	0.687	0.740	0.719	0.777	0.787	0.747	0.824	0.742	0.871	0.661	0.823	0.673	0.642	0.697	0.833	0.765	0.711	0.835	0.604	0.599	0.612	0.632	0.615	0.688	0.599	0.795	0.632	0.668	0.658	0.683	0.631	0.666	0.641	0.609	0.646	0.694	0.565	0.607	0.654	0.598	0.642	0.698	0.712	0.656	0.630	0.661	0.000	0.626	0.631	0.662	0.625	0.691	0.612	0.703	0.698	0.613	0.603	0.646	0.741	0.562	0.646	0.726	0.661	0.690	0.631	0.637	0.687	0.676	0.748	0.688	0.660	0.785	0.585	0.686	0.720	0.648	0.645	0.759	0.705	0.703	0.677	0.652	0.662	0.672	0.741	0.683	0.681	0.626	0.638	0.767
0.906	1.010	0.841	0.746	0.837	0.788	0.768	0.731	0.707	0.672	0.773	0.788	0.816	0.876	0.845	0.806	0.689	0.810	0.779	0.780	0.630	0.846	0.743	0.733	0.647	0.774	0.868	0.732	0.918	0.670	0.699	0.658	0.669	0.743	0.791	0.730	0.959	0.754	0.746	0.762	0.762	0.720	0.809	0.649	0.664	0.690	0.688	0.622	0.625	0.754	0.677	0.635	0.748	0.650	0.738	0.635	0.612	0.626	0.000	0.763	0.698	0.726	0.871	0.730	0.774	0.759	0.744	0.741	0.744	0.894	0.644	0.718	0.752	0.690	0.778	0.711	0.739	0.820	0.780	0.767	0.804	0.746	0.882	0.663	0.769	0.794	0.746	0.756	0.830	0.745	0.834	0.719	0.638	0.743	0.777	0.790	0.710	0.618	0.683	0.664	0.799
1.104	1.054	0.895	0.883	0.827	0.952	0.741	0.827	0.874	0.807	0.768	0.787	0.819	0.737	0.827	0.919	0.850	0.912	0.710	0.989	0.786	0.995	0.805	0.842	0.777	0.950	0.929	0.774	0.937	0.767	0.719	0.782	0.817	0.734	0.852	0.715	0.843	0.635	0.655	0.617	0.682	0.669	0.690	0.734	0.742	0.696	0.717	0.672	0.705	0.684	0.669	0.785	0.795	0.746	0.773	0.661	0.794	0.631	0.763	0.000	0.595	0.682	0.683	0.656	0.690	0.762	0.620	0.775	0.681	0.756	0.706	0.724	0.768	0.690	0.646	0.627	0.712	0.596	0.627	0.692	0.710	0.677	0.705	0.653	0.657	0.734	0.649	0.617	0.709	0.631	0.696	0.632	0.650	0.737	0.658	0.820	0.714	0.673	0.652	0.687	0.788
1.024	1.055	0.934	0.908	0.855	0.881	0.730	0.778	0.816	0.738	0.793	0.766	0.758	0.746	0.778	0.799	0.756	0.818	0.698	0.924	0.701	0.932	0.810	0.807	0.693	0.853	0.901	0.736	0.899	0.686	0.698	0.698	0.747	0.715	0.801	0.693	0.852	0.647	0.617	0.677	0.635	0.715	0.668	0.679	0.708	0.626	0.555	0.573	0.633	0.621	0.585	0.710	0.790	0.673	0.729	0.614	0.722	0.662	0.698	0.595	0.000	0.660	0.728	0.697	0.685	0.711	0.682	0.783	0.750	0.712	0.695	0.681	0.738	0.688	0.687	0.658	0.647	0.660	0.674	0.748	0.738	0.731	0.834	0.647	0.650	0.781	0.713	0.719	0.786	0.733	0.767	0.681	0.577	0.701	0.730	0.783	0.716	0.727	0.666	0.748	0.796
1.066	1.100	0.833	0.861	0.822	0.891	0.818	0.810	0.739	0.761	0.786	0.699	0.776	0.752	0.757	0.807	0.825	0.780	0.795	0.873	0.641	0.791	0.655	0.733	0.735	0.771	0.797	0.728	0.805	0.648	0.697	0.699	0.706	0.654	0.703	0.614	0.745	0.773	0.651	0.754	0.783	0.765	0.666	0.687	0.672	0.691	0.704	0.598	0.601	0.779	0.755	0.746	0.742	0.756	0.691	0.583	0.733	0.625	0.726	0.682	0.660	0.000	0.611	0.646	0.777	0.638	0.580	0.717	0.757	0.756	0.606	0.604	0.596	0.683	0.647	0.689	0.687	0.756	0.655	0.810	0.636	0.682	0.684	0.586	0.653	0.592	0.684	0.679	0.688	0.665	0.631	0.596	0.635	0.543	0.660	0.586	0.653	0.674	0.607	0.558	0.724
1.189	1.166	0.918	1.015	0.936	1.049	0.943	0.961	0.920	0.884	0.912	0.736	0.858	0.794	0.855	0.908	0.963	0.909	0.879	1.062	0.748	0.920	0.776	0.807	0.865	0.913	0.842	0.829	0.843	0.756	0.808	0.742	0.788	0.728	0.747	0.684	0.757	0.802	0.724	0.796	0.818	0.841	0.677	0.788	0.731	0.736	0.731	0.680	0.660	0.770	0.834	0.826	0.818	0.830	0.700	0.721	0.908	0.691	0.871	0.683	0.728	0.611	0.000	0.646	0.821	0.660	0.555	0.685	0.691	0.677	0.668	0.652	0.618	0.671	0.682	0.713	0.675	0.740	0.658	0.884	0.666	0.787	0.681	0.656	0.610	0.700	0.693	0.722	0.702	0.684	0.636	0.679	0.719	0.697	0.681	0.668	0.757	0.780	0.617	0.701	0.796
0.981	0.943	0.809	0.866	0.749	0.850	0.834	0.843	0.772	0.733	0.774	0.711	0.706	0.746	0.765	0.828	0.792	0.840	0.681	0.914	0.701	0.822	0.733	0.733	0.709	0.871	0.733	0.715	0.735	0.678	0.681	0.689	0.727	0.652	0.764	0.698	0.874	0.696	0.779	0.801	0.750	0.718	0.738	0.673	0.635	0.687	0.731	0.689	0.623	0.696	0.742	0.708	0.790	0.708	0.619	0.605	0.745	0.612	0.730	0.656	0.697	0.646	0.646	0.000	0.670	0.735	0.620	0.677	0.710	0.764	0.617	0.603	0.674	0.672	0.694	0.703	0.664	0.715	0.670	0.902	0.703	0.709	0.824	0.650	0.662	0.751	0.703	0.660	0.770	0.734	0.746	0.696	0.740	0.683	0.722	0.721	0.760	0.696	0.692	0.659	0.831
1.070	1.091	0.859	0.919	0.797	0.900	0.836	0.875	0.832	0.756	0.844	0.831	0.768	0.861	0.780	0.918	0.844	0.940	0.713	1.003	0.827	0.928	0.805	0.826	0.780	0.982	0.863	0.850	0.853	0.738	0.615	0.746	0.780	0.737	0.860	0.694	0.859	0.698	0.727	0.746	0.738	0.681	0.718	0.688	0.731	0.701	0.742	0.721	0.735	0.716	0.676	0.732	0.840	0.782	0.755	0.711	0.780	0.703	0.774	0.690	0.685	0.777	0.821	0.670	0.000	0.781	0.726	0.784	0.758	0.767	0.668	0.731	0.797	0.766	0.765	0.737	0.690	0.734	0.710	0.863	0.731	0.756	0.868	0.730	0.736	0.816	0.670	0.697	0.876	0.822	0.786	0.755	0.761	0.778	0.811	0.852	0.740	0.802	0.770	0.809	0.924
